1.294217570554445729e+01	8.393253396922091270e+00
5.551086945639937653e+00	9.282934018309106250e+00
2.635829954050672441e+01	1.758295986801482513e+01
-2.089999286930185818e+01	1.000294505483658192e+01
1.948021201757535792e+01	3.110364297533544686e+01
2.517162792387968651e+01	2.936973682419653642e+01
1.258985106441744506e+01	2.230254851085109991e+01
2.546312858919360167e+01	1.591415076065963952e+01
1.599099325986150077e+01	2.686120244418646053e+01
6.325133387581438171e+00	1.791747852192720103e+01
2.673952122928945130e+01	3.282106744992785252e+01
1.104080534045662176e+01	8.317227939503824885e+00
2.595465485499815728e+01	3.109894408632401763e+01
3.276737655416663841e+01	3.005151485605116335e+01
2.656171452527382826e+01	2.044584869792045367e+01
3.017544024982099771e+01	1.973324630809834090e+01
1.899390267326608850e+01	2.629636688531673272e+01
1.914917314700286255e+01	2.734102360862529935e+01
6.481674710248029214e+01	5.819096035239717679e+01
1.806311271535358998e+01	8.682429279731000094e+00
2.277572316137635866e+01	1.199839600207129919e+01
2.793832294603959809e+01	2.478796508887420558e+01
-2.177259042419208701e-01	3.672375591792156335e+00
2.100961149880734169e+01	3.225495868595408666e+01
2.406816826909784268e+01	3.093046625193300159e+01
3.086400118465421372e+01	2.985836265523978028e+01
2.705681726017320088e+01	2.954650377581233300e+01
1.574675648220094537e+01	1.014552260312291665e+01
1.982824040280748434e+01	3.475348903391586219e+01
1.125105778726505257e+01	1.882081376686562990e+01
-2.121173373287136243e+01	8.130181791198477725e+00
6.526728671536455195e+00	1.090324157541635230e+01
1.333864020597598277e+01	1.581060173958559645e+01
3.109106472830197632e+01	2.796518084324137376e+01
8.411026562194034994e+00	1.084518845688051059e+01
3.425052083754830790e+01	2.471024600590124365e+01
1.232974137247077806e+01	2.602173896966401401e+01
1.237497383980067056e+01	1.612583643838323866e+01
1.407787545097515292e+01	1.408543144098960198e+01
2.537558464813278647e+01	7.783063420920105280e+00
1.395299329826633539e+01	1.506989879160801316e+01
2.005895097914081049e+01	2.471192372482271793e+01
2.364068876297099564e+01	2.200398787428775904e+01
1.504155577802051091e+01	4.674286646649951749e+00
2.532816618706760181e+01	5.882957056877165414e+00
1.405629755652469015e+01	1.101482117058958288e+01
2.460591057280241145e+01	1.146218685982924157e+01
2.553373869726403100e+01	2.204054776056133491e+01
3.452454520793958892e+01	2.930415191290766685e+01
1.958902559774191943e+01	1.289288212385675436e+01
1.402551488016862358e+01	1.698898698774078042e+01
1.483993583590991250e+01	8.469480601138961617e+00
2.437098651844287645e+01	2.763800169697211473e+01
2.089002076837256183e+01	2.640703063507920945e+01
1.773681092550651783e+01	1.333160951285145401e+01
1.662880482868066778e+01	5.715932050289239008e+00
1.651247842706141000e+01	7.604666092232098329e+00
6.489465885697351055e+00	8.992550277832636496e+00
7.565235448903562698e+00	1.251121691682674708e+01
2.121546765871628892e+01	1.530563338692970632e+01
2.305902855528929152e+01	1.749408533660926679e+01
2.354458115628605697e+01	2.591521822661257346e+01
1.739985285185716535e+01	2.809736358044986204e+01
9.347599603780535560e+00	1.344258663854713731e+01
2.538808114209165723e+01	1.780074706754474789e+01
1.525416028203321517e+01	1.554382125854418817e+01
3.337243841127538957e+01	3.083204980886253566e+01
1.581868911056552385e+01	3.142958768900276212e+01
2.440788252742171593e+01	7.541334981474105525e+00
3.514020496852882047e+01	3.018057650140107739e+01
2.198209718592124773e+01	2.292737449553466078e+01
1.590816019338515730e+01	1.374553373755929186e+01
5.771508859690009707e+00	8.312699810642593334e+00
3.206465038780483923e+01	1.991988486581828255e+01
1.920997084364431728e+01	3.295872673080653925e+01
1.134391408890039088e+01	7.374068181967833091e+00
2.630956927844326643e+01	1.229367021722802100e+01
1.615661523579921877e+01	2.955058815538475514e+01
2.637057969740803287e+01	2.372569056100606488e+01
1.880301819635753802e+01	2.932006404724187831e+01
1.301714608306389565e+01	1.257441375928324057e+01
2.899818090819459471e+01	2.320444410366342680e+01
2.625802968845905028e+01	2.780888458082679193e+01
2.789128861281036365e+01	1.125410557770381104e+01
1.801669349536636489e+01	2.990048288176338076e+01
2.377348358056735123e+01	1.680491924843311935e+01
3.007304374592239782e+01	2.162894299974298917e+01
2.473738561406604219e+01	1.659643988934088554e+01
1.372323625110926493e+01	2.472450150123806978e+01
2.083923911104320226e+01	7.885148688697237951e+00
1.486514631179235479e+01	1.940225006627141724e+01
1.009657032687620415e+01	1.729112784476514619e+01
2.301360122963358990e+01	1.939415316259659861e+01
3.297822615485469555e+01	2.817576525919686148e+01
2.459982590961949356e+01	2.436069125677509106e+01
2.175935962831894699e+01	2.810433690839229826e+01
3.198119006887672811e+01	2.181640274453783235e+01
2.391683850261701849e+01	2.105413247547688016e+01
1.142822791943344107e+01	1.597074958631127650e+01
1.027606490610000201e+01	1.090608284196171596e+01
1.821053003671699955e+01	6.776903920957742855e+00
1.770129416831465718e+01	3.176418460239906238e+01
1.437471785848266492e+01	2.297340029003317952e+01
1.837516537631985969e+01	3.353136671273509251e+01
4.859092043789179804e+00	9.985718537479771229e+00
1.296564360758106282e+01	1.962800101803941288e+01
2.248731254895235665e+01	2.746356110906400261e+01
2.983647446294914474e+01	2.492285749666458372e+01
1.345828975090225654e+01	2.970991292383122229e+01
1.249545794730355119e+01	2.328875986912654739e+01
2.961452017085268551e+01	2.681499519793834097e+01
2.219046861874059928e+01	3.075716329533629789e+01
2.087533179667628502e+01	8.882148707313822555e+00
2.699283056840389250e+01	6.793449554239061605e+00
2.729917877998488862e+01	2.403608373043195456e+01
2.323835382694706198e+01	1.015269567059569944e+01
9.686754506151807220e+00	1.539647755315759881e+01
2.886879370513395671e+01	2.509232913154729516e+01
5.670081357489725526e+00	1.259879726282296275e+01
1.903339345294338258e+01	8.481449164615723291e+00
2.464433823122557499e+01	2.037852558641987244e+01
9.365595298578321959e+00	9.220894642760544713e+00
1.641435670947545589e+01	1.193787604912732192e+01
1.492604139640099881e+01	6.569214651084776868e+00
8.200302409503532175e+00	1.762230088916554394e+01
2.847402071460799888e+01	2.057538383239463187e+01
1.623879338461538424e+01	3.053650279959339997e+01
3.184427669608947653e+01	2.970058966124394928e+01
1.826790069893086965e+01	1.151484761168745052e+01
2.814613035408725139e+01	2.800364931040454408e+01
2.630471995259070539e+01	1.947284028204170170e+01
2.866190798344322133e+01	7.690758825121581488e+00
1.411880798416617289e+01	9.132828091990640829e+00
2.142624333267535874e+01	2.903443297262058564e+01
2.202007582337101965e+01	2.101804451790611239e+01
3.578767923779306415e+01	2.582681929283005218e+01
1.473369651039760875e+01	2.830207947530706392e+01
2.784663554408597363e+01	3.127145288110223476e+01
1.220008126155803652e+01	1.425183962575779439e+01
1.112043553676998009e+01	1.262747145645417035e+01
2.553503463589888511e+01	1.402089573354813901e+01
1.437063307568115000e+01	3.017376891126834693e+01
1.213970864260432059e+01	1.095941374262145018e+01
1.990382605393502402e+01	2.793945979253591005e+01
1.315281262973836718e+01	9.353240113077259110e+00
3.150613475074978354e+01	2.699498962443971450e+01
3.275294581173753983e+01	2.355381697557488963e+01
2.268692863538165838e+01	8.335615146342151505e+00
2.224461462417431434e+01	1.018286066006528223e+01
2.714305169293664832e+01	1.503022412681988129e+01
2.093339635057821368e+01	1.155694890760510951e+01
3.352993483040655320e+01	2.293852467196037637e+01
1.194355408809377650e+01	2.412295677044634701e+01
1.428878455092485211e+01	2.917685941458171683e+01
7.818262216531318032e+00	1.575148965524735800e+01
1.659326168661163692e+01	1.066864111901157486e+01
2.467788599800612559e+01	1.848560047742937584e+01
1.324129491810158399e+01	7.448639530945363241e+00
2.777913447317888895e+01	9.364750529987897920e+00
1.204663680630855183e+01	1.710293753299180253e+01
3.560507715519200644e+01	2.771781746259985013e+01
2.484262978252746379e+01	3.265153760383891068e+01
7.449959691181505583e+00	9.224730600879158970e+00
1.312997514631922691e+01	1.866347007829052984e+01
1.308778572717684341e+01	1.678389751971922195e+01
1.415106421752379617e+01	2.652397127414098321e+01
1.658911188442348816e+01	2.866328960242911705e+01
6.676545244688571579e+00	1.421024855703156931e+01
1.408913147222037487e+01	2.112722097404441612e+01
2.329563840246315820e+01	2.919989157049553796e+01
3.087815895901535868e+01	2.334815817645885261e+01
2.704173926996910637e+01	8.693619020837489941e+00
2.544136992329761426e+01	2.607590801320853657e+01
3.003848602025653136e+01	2.815707344176854221e+01
2.196389394917114046e+01	2.483682564423168060e+01
9.390403834938133798e+00	1.907494044261233768e+01
8.822860402021976967e+00	1.586511199041729725e+01
8.543413569848675948e+00	1.400228524243560280e+01
1.286817829810745550e+01	2.789161238783777819e+01
1.649288954750592850e+01	3.321509608800989355e+01
2.293465521048270617e+01	3.247978715259618099e+01
1.196841520605875342e+00	4.938642397729914535e+00
2.144101454708529175e+01	1.339058619345198231e+01
1.713804816385318830e+01	1.515906068328730250e+01
3.405862416255312297e+01	2.660740330276755827e+01
3.484466034332820783e+01	2.833500885555677939e+01
2.311010917210533222e+01	1.558691500176785993e+01
2.205793317361090544e+01	1.911402760887339625e+01
2.895736459312125177e+01	2.972284720374177525e+01
6.749154959659399822e+00	9.939072639506752793e+00
1.730138776815870116e+01	1.242178962219725236e+01
2.066672788918704740e+01	2.965603283320135475e+01
2.618958517114689855e+01	1.039958354028078169e+01
2.742221885696455175e+01	2.214481941868039172e+01
2.234602513647104516e+01	1.382363945805720995e+01
2.386438882573462550e+01	1.491712490201076591e+01
7.518756641475550673e+00	1.939405612981213523e+01
1.233313711820870395e+01	2.039966589868993196e+01
1.126074627292724095e+01	9.280027665672655246e+00
1.762569124731757952e+01	1.053490016371982563e+01
