1.754958543950666083e+01	5.748483340136781194e+00
1.996096439898078856e+01	2.707306071219368349e+01
1.456800807323067914e+01	2.878961004421682190e+01
8.857407935539718835e+00	2.465941304877345885e+01
1.810191473560819375e+01	1.761927047136606461e+01
2.313611700525659742e+01	2.440078723723595644e+01
3.023162204864514280e+01	2.694716078812475857e+01
1.492257052306467280e+01	1.670458836101056477e+01
3.068175158889302168e+01	1.469721483361048975e+01
2.165087838383867336e+01	1.420493398129189089e+01
2.333253029867153927e+01	1.425420876683303106e+01
2.660029715883472434e+01	1.721014055465556680e+01
1.797444778652761954e+01	2.869138702867918056e+01
1.507010486079102662e+01	9.025120067392673917e+00
1.009433975391797311e+01	2.350779319172167448e+01
2.530945238311174350e+01	2.605480397431571760e+01
7.233313343683868801e+00	2.418296014140972261e+01
1.983445322278194567e+01	2.455329519645183822e+01
2.119021397605014201e+01	2.814407347663496850e+01
1.772060898248312455e+01	1.030111752195203145e+01
1.685692052734368929e+01	1.936666429948699886e+01
1.739695517347261955e+01	6.304998963396147849e-01
1.412468619951859417e+01	5.716745199947938616e+00
8.061151285089144025e+00	2.747968675027146546e+01
1.717123343966196458e+01	3.018049165456919525e+01
1.307883214738503241e+01	2.793237321546217800e+01
6.839887195937003561e+00	2.253242130445634928e+01
1.829597825207783757e+01	2.026139627338922722e+01
3.215317732129825856e+01	1.369790943530620986e+01
2.580038472840295682e+01	1.212741902171322295e+01
2.727931104211503310e+01	1.280808272099152312e+01
2.739635522216278929e+01	1.443228735266551155e+01
6.515740595317644157e+00	3.033674984342750136e+01
9.698489635271434040e+00	2.793253392156079329e+01
1.060344862543428945e+01	2.063867754307468516e+01
2.173974795617727906e+01	2.972433893279195161e+01
1.908573025487721253e+01	2.173258028836497857e+01
2.824358630904156087e+01	1.769075967140842565e+01
2.420514711010995867e+01	2.933015059314857353e+01
2.854159319118285865e+01	2.679663549350102159e+01
2.617604455401210117e+01	1.555176685743074572e+01
3.098500966791441869e+01	2.124962662849842943e+01
1.501076536643542525e+01	4.292937670528655048e+00
1.856620248028751874e+01	-3.702291618048020094e+00
2.256570743384762423e+01	1.274725070299600738e+01
2.372494022158216964e+01	2.593252477470563733e+01
2.978959817014557387e+01	7.468009820471808169e+00
1.880473243575782760e+01	-3.159869691497769195e-01
2.585671165970905960e+01	5.814533286079839769e+00
2.207161332002892351e+01	2.576483515198355434e+01
3.078159906098194654e+01	7.345322500757512252e+00
1.727985226647954775e+01	-1.060711580145132560e+00
9.273277730570441690e+00	2.629588340054329976e+01
2.342715542781387938e+01	2.992419570682123009e+01
1.668813991085421833e+01	4.309191844831199880e+00
1.349280062541449432e+01	1.365015029853563888e+01
1.762274509141825973e+01	1.320378880000984445e+01
1.520053440244050869e+01	1.370694816008901107e+01
1.868699497463302350e+01	-2.009117030757662015e+00
9.311009664108025774e+00	2.959327757188682639e+01
2.252807452037010094e+01	2.919738906132424106e+01
2.146857927437166680e+01	2.416098902818598759e+01
3.050215951530795166e+01	2.411148320550726609e+01
1.430909161100058036e+01	1.052305838319941245e+01
1.703841355136504987e+01	-4.442223586390069201e+00
1.599411549869154925e+01	1.046733797542876943e+01
2.497785082778514010e+01	6.223328542528729024e+00
2.778906134315001708e+01	1.033977919516161315e+01
3.037012721911271740e+01	1.170297013778569983e+01
1.674859031678026255e+01	8.930309727236279471e+00
1.756762379638546179e+01	2.094112494119987744e+01
2.566499001924647061e+01	7.753649462340238330e+00
2.098680461770059935e+01	2.709006521495985709e+01
2.430030446612798301e+01	1.285467744600467910e+01
2.664916326026651561e+01	6.380949352368634031e+00
2.874467263394572925e+01	1.933529463158554762e+01
2.101809471457153933e+01	1.343196652869226959e+01
3.041513299511393953e+01	1.966859070059122772e+01
1.547816157598002818e+01	3.024096264351241103e+01
1.957154801190615601e+01	2.619181375477261398e+01
1.705918537290249759e+01	2.727245734908956720e+01
2.348346979132951873e+01	2.681174278798025057e+01
1.622944191999069474e+01	-2.393999830527008044e+00
1.676843573765916418e+01	7.232660135019331804e+00
5.247201190680399030e+00	2.920981045403887677e+01
1.269681391225200784e+01	6.660306593317677937e+00
1.519840785305169284e+01	1.197918620849784865e+01
1.837474930363113401e+01	1.859656488296317889e+01
2.767371696149515969e+01	2.821288570312672661e+01
6.857484831200948427e+00	2.867506413811427635e+01
1.583482415605324611e+01	5.797323342509112187e+00
2.880562940092838531e+01	2.387174226152292889e+01
2.007539096109087851e+01	1.483816180483592895e+01
1.638655227179008023e+01	3.167957617843396179e+01
2.989067730442588910e+01	1.807959681931706086e+01
1.691724951332828297e+01	1.175093033737207016e+01
2.654317311361332798e+01	7.344499461064375900e+00
1.701951205050790961e+01	1.767015250200322640e+01
1.436965981042420637e+01	6.680599012483341426e+00
2.781444631571451254e+01	1.604650660127546402e+01
2.989358683107036896e+01	2.254648308649241883e+01
2.607513397327182503e+01	1.048118259587112178e+01
1.671684251708109059e+01	1.360206598067749129e+00
1.587263338748888231e+01	-1.128265922587018272e-01
2.515709196860012398e+01	2.700774873566295753e+01
1.273177903227542984e+01	1.931579482427504502e+01
2.496863512025473142e+01	1.674319846767265574e+01
2.038437363993411822e+01	2.546572070599856374e+01
1.858881803853936177e+01	1.178036334893819514e+01
1.591177414358128317e+01	1.528318568746751005e+01
2.779073894193220795e+01	2.527739338641924149e+01
1.439112252019890015e+01	1.963154964725372409e+01
2.682739550657143113e+01	8.988576391283073619e+00
1.327495898494895421e+01	2.091933181512102280e+01
1.624256562904802337e+01	2.577739090878522887e+01
2.765468268904272975e+01	2.065003680803953401e+01
1.932948085822085815e+01	1.330200620326934846e+01
2.448632125497214318e+01	1.112517468849598323e+01
1.582654697039597202e+01	7.507445574301960356e+00
2.901503865363068968e+01	1.482496047234948300e+01
2.931356343929516939e+01	2.094954411194751387e+01
2.487250799999136675e+01	7.187326473410485583e+00
2.296430730147323729e+01	1.182018220889445459e+01
2.822666607290281959e+01	2.225935174186311016e+01
1.176673114302001011e+01	2.381334867280035539e+01
1.861022617436172766e+01	2.334892653715018440e+01
1.417608129790416172e+01	-1.179066518952650439e-01
2.944237880145890074e+01	1.646327388651605972e+01
2.436106404858383101e+01	2.751416403773498232e+01
1.502014783659866382e+01	1.354163362945986160e+00
1.416701878709352869e+01	2.820960948036800975e+00
3.158258721243944578e+01	2.282216698975251035e+01
1.136990959673613943e+01	2.822915544120957065e+01
2.146219629724568634e+01	1.253900197445252651e+01
1.981220585528049227e+01	1.947562872017544322e+01
2.396438832426559529e+01	2.836893062677502897e+01
2.666047830451723399e+01	3.093687036741573948e+01
1.119528510001150501e+01	2.222587414209266399e+01
1.295684893975210095e+01	2.260857716415975460e+01
2.942564090309990021e+01	1.032250226328182841e+01
2.609943909347072122e+01	2.754461798067167777e+01
8.494891158163538236e+00	2.911922714099652154e+01
2.867822259293687992e+01	1.184286603346973088e+01
1.626394497849929266e+01	2.874541452537841124e+01
1.891835035457266301e+01	1.377774681729233786e+00
3.123722263347151795e+01	1.393940550997812444e+01
1.288407612969454696e+01	2.891307633695706869e+01
2.157584643629671817e+01	1.084868000380957476e+01
2.500515480324671458e+01	1.437379970047424393e+01
9.810903302296015482e+00	3.118778210995917277e+01
2.485893499277652197e+01	2.865751375670392420e+01
1.766269387569100502e+01	2.265389364385314863e+01
2.507406674241118338e+01	3.033502868454926116e+01
1.469598234677637372e+01	3.175199975218722770e+01
2.287474014498571862e+01	2.832852935172110520e+01
1.348887873602159537e+01	1.197719142816313820e+01
2.684618405885486325e+01	2.673243054962164322e+01
1.159832940205664897e+01	2.056383246890239036e+01
1.332333055428770230e+01	1.348930046810948191e+00
1.323155091968135189e+01	1.644939920136414813e+01
1.741687497648849003e+01	1.605546833161646703e+01
8.148019947001765573e+00	3.079871862995657494e+01
1.867761140258464536e+01	2.940411752476618901e+01
2.970312886198998470e+01	1.325411025345351312e+01
2.639234603362605824e+01	2.926155402111043102e+01
1.548289331797093737e+01	1.833328131626338475e+01
2.864680225134414471e+01	8.788938289257272274e+00
2.266699592375161387e+01	2.735548234336920004e+01
1.949415899141179409e+01	2.791935537105895548e+01
1.910185555949525593e+01	1.623712523403996499e+01
1.719583708636410080e+01	2.432132849985202938e+01
1.213482202675069743e+01	2.214558096821707522e+01
1.025307098283608198e+01	2.952598920025873852e+01
2.819937851036073084e+01	7.071502821698468111e+00
1.379770561565152320e+01	3.031814238298250785e+01
2.311259022144432151e+01	1.012975962212446568e+01
7.637561949707231790e+00	2.583511500381387549e+01
2.453275182295794465e+01	2.542214462894735760e+01
1.586369476036472825e+01	2.826351309860283934e+00
1.351257484046709223e+01	7.274825229895809819e+00
2.582237976562934634e+01	1.380941278939125461e+01
1.792786909332729195e+01	2.586195865690358175e+01
1.382592573067324793e+01	1.802341159641737889e+01
1.426075026215839436e+01	1.513252398164859969e+01
1.144435088402001988e+01	3.073817146770548803e+01
8.467373295242943243e+00	2.301229468762979735e+01
1.716173231507623953e+01	-2.751635652536973620e+00
2.948128452132872468e+01	2.542536531576274683e+01
1.982054352674661857e+01	1.776740462394415943e+01
1.839452755141250506e+01	1.469953026169882193e+01
3.038468771307794114e+01	8.994994509175690212e+00
1.612820579399505050e+01	1.227649911804593152e+01
3.114679523783225434e+01	1.230062115708971859e+01
2.027525724618586977e+01	2.293509352054924477e+01
1.188544574556433631e+01	2.910349030447794050e+01
1.101782956851827500e+01	3.238040218936751558e+01
1.214250642387811219e+01	1.773633622189168690e+01
2.769809933966317672e+01	8.630537857587004424e+00
1.537921323158875531e+01	2.727876744783817387e+01
1.818468867894988605e+01	2.423312178348571067e+01
