1.175301778274439712e+01	3.318952185682052303e+00
4.059292020665090206e+00	1.680756778245109473e+01
1.209781079950214711e+01	1.628366479265400812e+01
1.161540054445703873e+01	1.533221992324727445e+01
1.636728980946217504e+01	6.389252222546642379e+00
1.293972664487414725e+01	1.541033615078688968e+00
1.672631767779060041e+01	9.187088136087167456e+00
8.210508486670233808e+00	2.070618406634300612e+01
1.801990165131907062e+01	5.564569699881999121e+00
7.555919480456733339e+00	2.151547745758239572e+01
1.767497526881601289e+01	1.109390119889946469e+01
1.423915756847786085e+01	6.253745156088392321e+00
7.936820438007325507e+00	2.352300881504721630e+01
3.960154764817540585e+00	8.472338490133456190e+00
8.554965208246963826e+00	2.176108952226934434e+01
5.508312702023497209e+00	9.481020151596965206e+00
1.305939755925036927e+01	8.029659098739353240e+00
1.258306648857004717e+01	1.723376962087844788e+01
5.220259350950713362e+00	1.501518366483666966e+01
1.720093026641516332e+01	1.014151708173208810e+01
6.574691633266529500e+00	9.535944798753980933e+00
8.511342184596344396e+00	1.333487855453789095e+01
5.993143631226989676e+00	1.043052427632654400e+01
8.813509813231247492e+00	1.796960850253636721e+01
2.039588269186245739e+01	1.033315645881710942e+01
2.431739526929980499e+01	-1.496338781284803154e+01
7.793397817582039089e+00	2.249018296280943829e+01
8.903463913045433387e+00	1.612573249360080752e+01
1.755671428194478878e+01	1.293787525710326314e+01
5.717539106547029348e+00	5.797129667586855994e+00
1.247294395340649764e+01	8.918561954224813348e+00
4.547753933465677356e+00	1.775945834306925164e+01
6.865247460632381227e+00	1.417439640211654961e+01
5.223395891548245906e+00	2.275476972645055440e+01
6.477381163880541415e+00	1.138040048074130794e+01
1.933079696174836215e+01	1.027204211193976136e+01
1.281790259494598772e+01	3.387519212528549151e+00
7.089868135772793067e+00	2.061373450033074661e+01
6.091066955255395321e+00	8.586696384991729047e+00
7.258843864321614880e+00	1.696874384348570430e+01
9.271349042187297940e+00	2.101660958609704366e+01
1.083487754279796711e+01	9.760616823723454516e+00
9.770367321798644866e+00	9.699344574969092747e+00
5.130412063214627061e+00	6.687331721507908000e+00
4.544413333854504522e+00	7.579353100740097382e+00
4.926640287863603973e+00	1.037556409492399467e+01
6.537837786217717273e+00	2.151335379398373959e+01
1.258334450359002510e+01	7.075728267757834367e+00
5.236685327397593959e+00	4.841565718231549020e+00
8.324613798690743138e+00	1.702177337701304438e+01
1.006013204353091695e+01	1.432792590757977891e+01
1.132138759484652368e+01	1.071314169937133975e+01
1.813519463687787692e+01	3.717598392205654356e+00
6.984064288250968922e+00	2.310134475249178720e+01
6.680108128036152060e+00	1.786534124412325042e+01
2.004004085187494155e+01	7.539618857697656829e+00
1.743146996443351782e+01	6.454410298155553782e+00
1.956124393266123818e+01	6.585392296716317873e+00
1.112759446927483431e+01	1.438092601075692656e+01
7.445731071855510308e+00	1.327963786037043903e+01
1.329171664461990510e+01	4.343078825742220594e+00
5.411922138962215634e+00	1.132514199596075066e+01
1.447440438792954254e+01	2.562396130522247351e+00
8.705063237611025073e+00	9.646213396500488813e+00
1.921445632615852261e+01	1.212011844389538417e+01
1.187211709693173844e+01	1.471581121758144262e+00
1.980772734826193826e+01	1.122914564217462008e+01
8.123794979923705029e+00	1.054130591884335821e+01
2.480010267329790352e+01	-1.592003547304982725e+01
6.096070860574029915e+00	1.876043748027288061e+01
2.015232560936597750e+01	5.696029610498960061e+00
4.731902383273730806e+00	1.406646348568768623e+01
9.673169481646910484e+00	1.154863952798250182e+01
8.039482880066605830e+00	2.455075554271307681e+01
5.127313185511958693e+00	1.685999094624689576e+01
1.388317931270595018e+01	3.454885486292382346e+00
1.790676115075175900e+01	7.409139494509140000e+00
1.849588815737868330e+01	6.520010118770869667e+00
6.961677566158284591e+00	1.233010513821289145e+01
1.897196313421136082e+01	7.475359108276823150e+00
6.193879289997400228e+00	2.247171351568326614e+01
1.115976951381800220e+01	4.207811422934185863e+00
1.199105441029658614e+01	7.964305570078586527e+00
4.651057144931985299e+00	5.733649212049125587e+00
9.558160248707617157e+00	2.208817903279964412e+01
1.054751169892915108e+01	1.527971528251188715e+01
8.235072536700164036e+00	1.886237286153711423e+01
7.671049593444963399e+00	1.975751728233046833e+01
1.874072527284976530e+01	1.116147445934191040e+01
9.390580697248854136e+00	1.707448057325502688e+01
1.542479773475035287e+01	4.476194649302797757e+00
1.435730457289518114e+01	4.409926086687232072e+00
1.340928723420345570e+01	2.499193787053910043e+00
1.908470325007343860e+01	5.630377158058459841e+00
1.826612838224665225e+01	1.020628027658987769e+01
1.190138099514650882e+01	9.815652206393369994e+00
1.885755034743131020e+01	9.318128974996522373e+00
7.165330104053653670e+00	1.881665564344071129e+01
1.068541948525754748e+01	3.250108471230801488e+00
5.828783615804345786e+00	3.950659991508611579e+00
1.482980315284546435e+01	5.365329008667123922e+00
1.376525120142636105e+01	5.298230885902144749e+00
2.894020398911034686e+00	8.416231613330607431e+00
1.412370188079692923e+01	8.097868902476474062e+00
3.476675596261786794e+00	7.517750381261891768e+00
1.589404197453653644e+01	5.432871398589220746e+00
1.625206103359745313e+01	8.232392009252301079e+00
1.507040880841535113e+01	1.001278233699080822e+01
1.684209729671183098e+01	7.343661273184507010e+00
1.200231084290520300e+01	1.813255048730580654e+01
1.648829232880560625e+01	1.286871149677044102e+01
6.035410097550441222e+00	2.353755176938026850e+01
5.988921569576262982e+00	2.063858284505990426e+01
1.707968717077755016e+01	1.197758293808488617e+01
1.945011902413589411e+01	8.431605311077722931e+00
8.416776564757039836e+00	1.517750982850618158e+01
7.542704424223119375e+00	1.143569815556769775e+01
1.494969515435292706e+01	3.519916445068139499e+00
8.608137123300993565e+00	1.149211315663134236e+01
7.929836512115149283e+00	1.422940731569854833e+01
1.317437568331014219e+01	6.186621778374568947e+00
1.471344763478102280e+01	7.209733212746506581e+00
9.096089355821687761e+00	1.244459115264717042e+01
1.222652615172586010e+01	4.275492250813790918e+00
8.027427275543299601e+00	1.238534117122292422e+01
1.045540765056372301e+01	1.712749650433284998e+01
4.246478524820777700e+00	1.311341279151426420e+01
1.353388129643633242e+01	8.986711934349706610e+00
6.380545082734352391e+00	1.322479443939886679e+01
6.200371157891026996e+00	6.749726243391273250e+00
7.155840919669633315e+00	8.637000443181181097e+00
9.482571972237234803e+00	1.522903365067506165e+01
9.968674894092261596e+00	1.617756215893393801e+01
1.234457574054413875e+01	2.430875128631998727e+00
8.995672699490663504e+00	1.428106366009718720e+01
1.270008597338263456e+01	5.231508870443444259e+00
7.058617620826970196e+00	1.048577900486921344e+01
3.584035778625720869e+00	5.671718726595969429e+00
1.577260968520937467e+01	1.745406614659590261e+01
1.838220679102234811e+01	8.363537023766594913e+00
7.016771063914482909e+00	2.412932350896341660e+01
4.342609371345186986e+00	1.126937853874857609e+01
6.575930251759936063e+00	1.971130306499628304e+01
1.364915229309013256e+01	7.141868518108120512e+00
5.613827389199453677e+00	1.780994661189079054e+01
1.073830054606482065e+01	1.160944969440020103e+01
4.206445300426079115e+00	2.308155888537844191e+01
1.566215031870363283e+01	9.122171012545742030e+00
9.299809441073316307e+00	1.892437566794239245e+01
1.364666316689476666e+01	1.728393670120131631e+01
5.025049264621154421e+00	8.531554427510251060e+00
1.316351939221546097e+01	1.633250122142268523e+01
1.210725546536137465e+01	6.121649293297978467e+00
7.745313986231733949e+00	1.791762904982600091e+01
8.768386663352199406e+00	2.282397896226714096e+01
4.064231740829015394e+00	6.626506285538511065e+00
1.471129586575100845e+01	1.732366277174095970e+01
1.400284761287389657e+01	9.944868119455605893e+00
1.025410935045560556e+01	1.065430898317263164e+01
7.639414440133982964e+00	9.590255086134147788e+00
9.189242462785841781e+00	1.059713885233008845e+01
5.896216624200671497e+00	1.227518911564865611e+01
5.800069075355030357e+00	1.411979689584953768e+01
1.860818858632201866e+01	4.675093623472514004e+00
5.610367061382416587e+00	7.638622286346140378e+00
6.307203740022577776e+00	4.908281407297216958e+00
1.754023235067399966e+01	4.607540731303287451e+00
4.439448198650477906e+00	9.426317819362854067e+00
1.127841178610673900e+01	2.360878961951278221e+00
1.779158703526356788e+01	9.252108480574833038e+00
1.695568848912687088e+01	5.498940309532486914e+00
4.830121048807173523e+00	1.221947011212381362e+01
1.518793278297848737e+01	8.165953260415513171e+00
6.193563449808746846e+00	1.691488750266930197e+01
5.493233948686206070e+00	2.166130832260022387e+01
1.577750390426506932e+01	7.277288638338564652e+00
1.967436710773807818e+01	4.738037338285799649e+00
5.314882435066829558e+00	1.317035496171553000e+01
1.414216732021879963e+01	1.823193234407785468e+01
1.103308872653799000e+01	1.622924860704353378e+01
5.706790398486197624e+00	1.596524206761145237e+01
1.151796050364613677e+01	1.718105242024387991e+01
1.814836894303631354e+01	1.205004345504909402e+01
1.731686826227557319e+01	8.298040162751984639e+00
1.613674885124382996e+01	1.008023941088903364e+01
4.638700753561079360e+00	1.590905688626623515e+01
1.307172174819507937e+01	1.818512254217396418e+01
7.351158347703535156e+00	1.512414803790503015e+01
1.140733869206096962e+01	8.861645362871060527e+00
1.163351376274686722e+01	5.164775574968505367e+00
8.928198647492795459e+00	2.388973815346929896e+01
6.772314950525754718e+00	1.601939044964591830e+01
1.459786452724492634e+01	9.054633124196096006e+00
5.000089072548971281e+00	2.380127127914479246e+01
7.837799377522692623e+00	1.607306066281100954e+01
9.880850283263100664e+00	1.802606170768132188e+01
8.223693048112384218e+00	8.693570541410647223e+00
9.753039912665244060e+00	2.316720546916085155e+01
1.530327391910331158e+01	6.321478947988787844e+00
6.286076001708892136e+00	1.506974644784888362e+01
