1.732860285499757325e+01	1.789772376062074599e+01
9.036780738126008572e+00	2.052672127832752480e+01
2.242480298622244561e+01	2.078313174483237802e+01
2.652539683769191470e+01	1.457605800004339081e+01
2.036453004075277562e+01	1.471665443622305247e+01
9.314798343387360902e+00	7.452447781462426590e+00
1.701147392127672475e+01	1.945845010248457641e+01
2.758312539085514103e+01	1.576565196741048780e+01
7.559067096866473712e+00	1.992481149150686193e+01
5.528612819723375260e+00	2.229447394961414730e+01
2.034040288270151819e+01	1.696774489831141963e+01
2.397423453694260331e+01	1.804433382300110722e+01
2.479175412930075595e+01	5.016355443140334991e+00
1.162211732418097476e+01	9.580102870030412276e+00
8.619280461278757244e+00	1.252073547859103719e+01
1.558130125407316058e+01	8.237046171289932772e+00
2.964032321932878844e+01	1.390889179013351651e+01
1.202545671673958871e+01	2.171222283333002068e+01
2.289796663504538543e+01	2.488375480618017832e+01
9.431071498717425783e+00	1.390745198749060840e+01
2.122699200083808080e+01	1.953795409463869959e+01
2.586937329022149257e+01	2.769117371814107642e+01
2.709846291047965039e+01	7.221106714246477765e+00
1.506247989152515210e+01	2.251528425851038051e+01
2.169508555642645220e+01	1.099018751065643684e+01
8.812978207288477250e+00	1.894094614892438955e+01
2.863882656830248052e+01	1.693411096043951858e+01
2.131172530197096648e+01	1.705695202894534646e+01
1.822758774065650655e+01	2.289830437647471229e+01
1.022424754777665612e+01	1.249715445368032185e+01
1.793417381606674965e+01	1.061462213800724186e+01
9.378960066973656140e+00	1.115747599998230477e+01
2.061377106639683632e+01	2.264999687193716582e+01
2.357654494026663272e+01	1.959595732058909334e+01
5.644707344963711293e+00	1.471136464204281680e+01
1.714527033638502118e+01	7.848688211415087324e+00
2.497024603191906422e+01	2.725457350615610252e+01
2.167979169551697893e+01	2.384323180391820074e+01
1.007675868462585456e+01	1.796504660540648857e+01
5.751585829613882872e+00	2.386330718612802926e+01
1.868283255596370651e+01	1.199010174477274049e+01
3.019484552903300667e+01	1.660821365272622074e+01
2.964507818855265953e+01	1.810111683545256867e+01
1.761900954909933503e+01	6.326836141445622452e+00
1.175023143788855506e+01	2.013900659764131262e+01
1.306590254595838907e+01	1.236095655397670789e+01
1.852907647330094321e+01	1.895883580273797619e+01
3.868910529097683515e+00	2.485049151077460294e+01
1.937024925643813233e+01	2.163779198150575667e+01
1.778271880567044505e+01	2.500482120334928027e+01
1.418401158785241556e+01	1.121593924262599273e+01
1.821454057090802436e+01	2.050164401600477504e+01
1.930195667548874638e+01	2.454711370003886017e+01
2.816982168339897541e+01	1.853111526684815757e+01
1.405359499337561147e+01	1.020376046462650699e+01
8.059476617986387481e+00	1.482618660868527627e+01
1.874467882719124745e+01	2.372485447193382768e+01
2.005054495083960475e+01	1.848169298776256042e+01
2.672769385031924472e+01	8.773506757445867166e+00
2.435621318108321631e+01	1.226518421621695687e+01
2.402844615397889427e+01	8.114153674468996158e+00
1.799453825681271724e+01	1.477111871820410194e+01
2.914129930654443612e+01	1.542129091887172798e+01
2.285460340148092229e+01	1.692254325881838639e+01
1.952271150238738784e+01	1.431738460409918012e+01
1.722197516828935804e+01	2.419170015875730684e+01
1.887128238366672051e+01	1.043563032082504982e+01
1.554705277273106212e+01	1.402827988843345430e+01
2.070895599467446502e+01	1.319198620671853206e+01
2.024290074899483116e+01	1.163892602542968824e+01
1.766387952655981408e+01	1.320120729810462556e+01
8.289178085041553956e+00	1.640747051096107612e+01
2.206843945007274854e+01	1.994371318352678912e+01
7.009555225199019191e+00	1.261271652282077227e+01
2.242295737920738574e+01	1.842943996012776964e+01
2.664956965635189690e+01	1.872679794749718951e+01
4.920527197048563117e+00	1.402595833030185091e+01
1.354174370257050519e+01	2.217698879249971000e+01
1.051894103330602270e+01	2.113484271769742051e+01
1.097944334540226663e+01	1.105424169683170277e+01
1.822354694293066046e+01	9.023601789378162152e+00
1.683575106257568876e+01	1.179104841191707465e+01
1.637914640233877961e+01	1.094074732972940645e+01
2.601411799323494378e+01	1.608166247386111536e+01
7.737224815831419633e+00	1.118671725687915597e+01
2.520198045651265417e+01	9.208537557691633069e+00
1.255933742713008172e+01	9.288389789742343083e+00
4.596177941632264563e+00	2.629594103260924598e+01
9.110348014298640607e+00	8.415836020956097840e+00
2.188470512556504843e+01	2.777060038339465464e+01
1.870083350484457085e+01	7.500633589160317527e+00
5.919518805416517537e+00	2.542731681893323881e+01
2.193445927728921063e+01	2.618494445584714470e+01
2.088488609321407807e+01	2.109196816148251230e+01
2.859599746721798397e+00	2.608486602415056765e+01
4.041836310874086458e+00	1.455629653279011393e+01
2.478091545606930879e+01	2.067359386460303838e+01
2.328519594042395724e+01	2.116111911849027649e+01
2.475844771640477049e+01	2.883579296469426012e+01
8.538877683139027397e+00	9.862499868973671369e+00
2.201258856270438002e+01	1.009360007411529025e+01
2.372896148463287602e+01	2.625371902791065182e+01
1.154952473919372302e+01	1.856446730265105316e+01
6.813515991732218779e+00	1.582119045059299722e+01
6.424463081170051382e+00	8.223675617131407378e+00
2.634194694842646456e+01	1.033053020669529509e+01
2.185618003274395349e+01	1.435811958395061438e+01
3.694108561560461634e+00	1.618789883383532668e+01
2.349553014747553448e+01	2.786170205593833060e+01
1.323831814592117873e+01	2.063742344391459582e+01
2.309296260122254196e+00	2.524482295016515820e+01
2.174000754075506592e+01	2.149305045957679994e+01
1.028565803409172474e+01	1.954557322298403221e+01
7.011630631328413799e+00	9.706802854255824897e+00
1.165990930000295656e+01	7.977946692267934736e+00
2.132942560082545569e+01	2.698493761443926786e+01
6.500341971389184792e+00	1.426959560041309238e+01
1.559971426014532625e+01	2.401866494165666310e+01
2.511407292370633115e+01	1.913581711659291074e+01
1.070117850568364481e+01	8.261421469034853970e+00
-1.188181305866601711e+01	3.979969667246043485e+01
2.042243916889514921e+01	2.667366517114112767e+01
2.275112332104179913e+01	9.536578255491782841e+00
1.892491821175433486e+01	2.610813714449365364e+01
2.217095206358194659e+01	2.233734567088901457e+01
2.441439846311816453e+01	6.566120506292399739e+00
1.524860312912334770e+01	1.132350572383017351e+01
2.157755489911024682e+01	1.797680770147822571e+01
1.243537770343625937e+01	2.328389821703103735e+01
2.545318903124095300e+01	1.340865836638846709e+01
1.787130354098679419e+01	2.200375703818119177e+01
1.649763807776859181e+01	1.419174699891964586e+01
1.461315007239869601e+01	1.276171275086076129e+01
2.325060809054222588e+01	1.111222825980123297e+01
1.293945583435994173e+01	7.016598073130438706e+00
7.777693731652349562e+00	2.150514382744281150e+01
2.159177332723693610e+01	1.594971181845216357e+01
1.766745141891601989e+01	1.633435626108200012e+01
4.297616133572399910e+00	1.547655901594887062e+01
3.572164262029977166e+00	2.747528596020003633e+01
2.551636048602674478e+01	1.759742357549995262e+01
2.480757638074413407e+01	1.074888417913545524e+01
1.557011809710825645e+01	1.042018968382260802e+01
1.453072636147936691e+01	7.059226483083294035e+00
9.751544757826167142e+00	1.702556114301302159e+01
1.711303834120265677e+01	1.021324371224937444e+01
2.326078033644378706e+01	5.464782270600250236e+00
2.594587543780780337e+01	6.117539499539279113e+00
1.325378793416051693e+01	7.934597101966797794e+00
5.251776873410150870e+00	1.559634061686570305e+01
3.774430558868606234e+00	2.583737174600401332e+01
2.140665353157272577e+01	2.540238123910562251e+01
6.350341797220620421e+00	1.330916834578597907e+01
2.556793265836627427e+01	7.666434154128073608e+00
1.936241580414896291e+01	1.125927532884721316e+01
2.700766717638074965e+01	1.305378628725463663e+01
1.403386310309116602e+01	1.360057503226331654e+01
1.919017746808956915e+01	1.585156434083495647e+01
1.623126422120834178e+01	1.256849742120367353e+01
1.971181289227626365e+01	2.004398582297973874e+01
7.877193565413191934e+00	1.388210629634474813e+01
1.625982107639931940e+01	2.546841985375476014e+01
1.659487168917443256e+01	2.278085187654231802e+01
7.013384331550811090e+00	2.290484986222844910e+01
2.794848328650985181e+01	7.747063383439145134e+00
2.856961506193449907e+01	1.272481632873829049e+01
2.281033018485307196e+01	2.646079436478984803e+01
1.400418154416060901e+01	2.370457811250962266e+01
1.007430901007095692e+01	9.719974909313583211e+00
2.249909446012673442e+01	8.571897321621053223e+00
1.313597563981878302e+01	1.002650897005551123e+01
2.807773153040874803e+01	1.424090989862912870e+01
1.134198044236410929e+01	1.698577641389725557e+01
2.796896006836270843e+01	1.761801332553007171e+01
3.122157901570366079e+01	1.782053742386940698e+01
1.671145760372941425e+01	9.362966533279298176e+00
2.929849559138354920e+01	1.965793859318422676e+01
1.399337715735458332e+01	8.598743680270272804e+00
2.368184982750666379e+01	9.642724764482581534e+00
3.175529503790160746e+01	1.631054146437019625e+01
4.273356951749711641e+00	2.329510626945734586e+01
2.074257179772045490e+01	1.554414598293618610e+01
1.916266415620965802e+01	1.280689868370455642e+01
2.740612027174623044e+00	2.371541532163431754e+01
8.482720518647028030e+00	1.799383410566704100e+01
1.606663512925132054e+01	6.698591836712018299e+00
6.794637954808717240e+00	2.132462157451760731e+01
8.010092522072131516e+00	8.395643521928821684e+00
2.708083264376201882e+01	1.726012978882015148e+01
2.591805529568959443e+01	1.188225273211133270e+01
2.044190139924825900e+01	2.566128379568688089e+01
1.884033936314354207e+01	1.741210550348079167e+01
1.780063880088401262e+01	1.164318431561705580e+01
3.070641190678395205e+01	1.510032604092715047e+01
2.041373080483271707e+01	1.005180650895388439e+01
6.034531324286981580e+00	2.700792906108550184e+01
1.259138990015286197e+01	1.086182283446543018e+01
7.356036041422138183e+00	2.609639153514582688e+01
7.215111514258675918e+00	2.449728271589650674e+01
2.037075950788497281e+01	2.826504093048081856e+01
