2.641288338734272401e+01	7.599459258728763267e+00
2.875764233023193128e+01	1.419930445482261661e+01
3.142863976041360985e+01	1.906781177002901728e+01
2.731377657992771546e+01	1.656894513985816175e+01
2.471392148386445342e+01	-4.352527220722148371e+00
3.063315342906249583e+01	1.021423629717319237e+01
2.015551221828997086e+01	-2.833525198825817437e+00
2.229330496663822814e+01	1.285211742148639935e+01
-1.367635379438405323e+02	1.276621589707785205e+02
2.469167670562655559e+01	-7.062070939607669740e-01
2.810190263193063487e+01	5.896974484394680971e+00
2.774488704927513183e+01	7.230203277581294330e+00
-1.404025512503233699e+02	1.281537455586016279e+02
2.519978569823278036e+01	5.727750100213900852e-01
2.540421758186009171e+01	6.675094207290266368e+00
2.697193538001252477e+01	9.872944063302272255e+00
1.464094806429276474e+01	9.275815897442713620e+00
1.743672583515266084e+01	9.237460602116653874e+00
3.380716373373635264e+01	1.191044881903692954e+01
2.296469076916989138e+01	1.163429365291674422e+01
-1.379251877157925321e+02	1.269013736941118111e+02
-1.392409494307971158e+02	1.289131012205548927e+02
2.030709538011468140e+01	1.650365768520402199e+01
3.452955156972105755e+01	5.593863632267687791e+00
-1.380022686937843446e+02	1.282873584698883747e+02
3.516053522249641361e+01	1.166335616145441456e+01
2.674767653622377850e+01	6.258334262941819937e+00
2.101277270295090460e+01	-2.046338210660967050e-01
1.709190416560773684e+01	5.931342742505987253e+00
1.342790035024974671e+01	1.129385240578719163e+01
1.420410390425989533e+01	1.523925103839448347e+01
1.372211638391877919e+01	7.424138677582565293e+00
1.256189295348776369e+01	1.084459340134827343e+01
-1.391635224200095138e+02	1.275275045864317889e+02
3.141167511735915241e+01	7.541128571142612813e+00
1.468828544774519784e+01	1.166665875105321781e+01
1.950061811688901159e+01	1.289679463192111619e+01
2.241262363681638092e+01	1.767535442001327084e+01
1.948803685001571395e+01	7.347674909648212349e+00
1.460532337673875958e+01	1.392799520108352773e+01
1.149791822377472883e+01	1.575176221799104148e+01
2.571698958816795155e+01	9.291559055643983100e+00
3.101814418646051763e+01	8.874469068157376128e+00
2.301883236643012509e+01	1.403416092281738514e+01
1.193406417256550434e+01	1.444604067390170776e+01
2.158310163958520889e+01	1.166651484821776741e+01
1.845436191490997047e+01	3.933616638017270795e+00
1.350599383867457703e+01	6.437179509374765907e+00
1.056608354350314904e+01	1.474212893395745283e+01
1.604001839140964947e+01	9.249110124176390002e+00
1.598105986636453224e+01	1.404218714214833952e+01
2.004871297537827601e+01	1.647539978757844636e+00
2.059425015776550438e+01	-1.519487815185849744e+00
1.511330124722552171e+01	1.628739377273945266e+01
9.216982412253608814e+00	1.506816020829227476e+01
1.247865741388848448e+01	1.221547958486011609e+01
3.008870557732088358e+01	1.663548379967916091e+01
3.327775799158605707e+01	1.316985718834421526e+01
2.270565152146315668e+01	3.840388953962079022e+00
2.243530913298683771e+01	-3.589009539543966287e+00
2.032943326747483681e+01	1.888951574017385937e+01
1.824628358648891435e+01	8.060046676026649592e+00
1.748043556944645260e+01	8.152081518589068265e-01
1.243572943530595687e+01	1.316848798429179723e+01
1.139226383590700742e+01	1.674533752604635595e+01
1.147682996041504566e+01	8.286311479403810409e+00
2.171774151783324669e+01	1.888327001967997631e+01
3.281730572317577810e+01	1.667748419900878076e+01
2.072850661998285560e+01	8.048895656075121252e+00
3.006027671451136740e+01	7.878204915367066796e+00
2.069450200449405841e+01	6.649964282103504765e+00
1.737135001382126376e+01	1.407782590122709543e+01
1.870864727307592190e+01	1.461399224547763609e+00
2.563411159860988420e+01	-5.391772897095024497e+00
2.423347862786018325e+01	-2.005692185012132089e+00
3.282369615440830302e+01	1.907245152132377797e+01
1.827656597379908732e+01	6.672281499136251348e+00
2.188214590408846405e+01	2.759291091272258800e+00
2.871930075169745322e+01	8.221933143931655863e+00
1.831385067973051761e+01	5.294702767570841573e+00
2.097359590556590447e+01	1.529051675784216791e+01
3.559578107285704363e+01	1.033425507268053245e+01
1.284692544343871745e+01	8.498958453069116459e+00
2.240785574998892926e+01	7.902327186737947984e-02
-1.393184776485050520e+02	1.302986844579026808e+02
1.948477284646339669e+01	5.982020158845700486e+00
2.195649225343272803e+01	-1.229979338003407641e+00
3.196721676542139079e+01	9.874334902741646047e+00
2.510610923447190856e+01	8.049487417336465001e+00
2.199540976105821954e+01	-4.907058753680441754e+00
2.310019954009282372e+01	1.888271936388658645e+01
2.929312441828186664e+01	1.055717361369033469e+01
2.225259463264903559e+01	1.043562031178595717e+01
3.043443868571273114e+01	6.544001908602913531e+00
2.335396008682785762e+01	-4.630876588481792844e+00
3.486840956348469689e+01	1.541068625181260465e+01
3.075207857262484978e+01	1.785360323545374328e+01
2.379196349268779187e+01	-3.315590152956827463e+00
2.120320808336539287e+01	7.444273607434289675e-01
2.018596904631603195e+01	9.322635372705796897e+00
2.833201952565412540e+01	9.562891633496803934e+00
3.420861783956122082e+01	1.664710094029578968e+01
2.323983522898456044e+01	1.151611029282314513e+00
1.234958266466927412e+01	7.205121671256997651e+00
3.277254573090449696e+01	7.233830936405854395e+00
3.352633678271233464e+01	1.786726825676399599e+01
1.334787490966653500e+01	9.786940161717307518e+00
2.908666000944587537e+01	6.885617213053060404e+00
1.186540022664413385e+01	1.805716799274422613e+01
1.949596601780982397e+01	1.050977458837794742e+01
2.169899080592836427e+01	1.647746101215514258e+01
1.717989412903440538e+01	4.527917438967139496e+00
1.375056360135370070e+01	1.655282921139092167e+01
2.163021272456381894e+01	1.406930152762166308e+01
1.865423176024679108e+01	7.385310281180812453e-02
2.234702869671832204e+01	1.480963161222856872e+00
3.547456904395553323e+01	1.414255607886142840e+01
2.448386276003423134e+01	1.890385736670829431e+01
1.673958614790311827e+01	1.045074808983100567e+01
1.341900016490386349e+01	5.052054501950913767e+00
2.107700971897878262e+01	-3.868085599389471607e+00
1.016351204069390946e+01	1.608351227874217315e+01
1.920579092412004840e+01	2.779773100027576493e+00
2.088509063200348592e+01	1.048038785948071627e+01
1.985515868416093710e+01	4.075836391063750064e+00
2.870141804771164118e+01	1.660293199502183015e+01
3.288702858369285309e+01	1.089271083544272578e+01
2.864566545438846390e+01	1.900598027915829746e+01
3.412492272051284203e+01	6.921667339254510054e+00
1.989672075324481071e+01	6.897706367133976668e-01
2.130439875247886405e+01	4.040717961691883353e+00
2.154350304096688262e+01	9.226127339225305590e+00
2.427395226008961160e+01	-5.669581108493384924e+00
1.535815389912677276e+01	1.045587583046362923e+01
1.810666314589060022e+01	1.048752838351783367e+01
1.880295019315969896e+01	1.169833007300354133e+01
2.054131948880022662e+01	2.926332309212439142e+00
1.397616438312817699e+01	1.050287692700860909e+01
-1.366858990465446198e+02	1.262760935846155093e+02
1.605019189824210812e+01	1.165315206839276030e+01
2.942361679502599259e+01	1.541739064223339462e+01
2.287538653749679085e+01	-2.268900521844884555e+00
2.063821616298097794e+01	5.245724007615772067e+00
3.467307208606553104e+01	9.283214686117691627e+00
2.725678806081915084e+01	1.897110569337619879e+01
2.381599479133823749e+01	3.722337654583106614e-01
-1.403246454076087275e+02	1.267675052543631153e+02
2.441003315301520260e+01	1.699910981824020118e+00
2.332712757805917292e+01	-9.485258417601216685e-01
1.706006643026502800e+01	7.327549742348442585e+00
1.379894443244392654e+01	1.275683265647975873e+01
1.063941928651672342e+01	1.739357157642283269e+01
2.102334974364758935e+01	1.768773437908535939e+01
2.293744613705452906e+01	9.222448543890575223e+00
1.670065642931511007e+01	1.286552061307696526e+01
2.736943378679180938e+01	1.416808947516565098e+01
1.948964572629028780e+01	8.658997460488432552e+00
2.659017213673879709e+01	1.775224066998368144e+01
3.317703334090582246e+01	5.906705542538801090e+00
2.099852992634389182e+01	1.669430865251988472e+00
1.741997517583916633e+01	1.167859998515914732e+01
2.235871066972576671e+01	1.525434918896043790e+01
2.797876377597402708e+01	1.778726530139257989e+01
1.325146686392613304e+01	1.786051892981171108e+01
9.610083141309488042e+00	1.373639276502657403e+01
1.809876887264396927e+01	1.289286656503331940e+01
2.967552668641258506e+01	9.217711780513825559e+00
2.433639249560615170e+01	9.224516748344544936e+00
1.529449531491793479e+01	1.282455539525679278e+01
2.090106937567694700e+01	1.288448266539871412e+01
-1.380790452282059277e+02	1.296729836266885059e+02
2.151702909645031880e+01	-2.550462412053965178e+00
1.879739041698321600e+01	9.327454846236147290e+00
2.380713569331072677e+01	1.768961722509958534e+01
2.803616737243673640e+01	1.538504813822435402e+01
3.372795420447994275e+01	8.251414122302064058e+00
3.213523384193350552e+01	1.787530164255993981e+01
1.197712364643017047e+01	9.582770277419459859e+00
2.519988015490548605e+01	1.771687201730457417e+01
2.639887258065949638e+01	8.591600603837074246e+00
2.362946607099830487e+01	1.041994842327730630e+01
3.003589528307195877e+01	1.903979909391862435e+01
2.500117976295970834e+01	1.046114658009344112e+01
1.239305375323032976e+01	1.678598770677904284e+01
2.326202327129471925e+01	2.538508583579197619e+00
2.738853350550754939e+01	8.564030762266163777e+00
3.331683989768080778e+01	9.572987395072892980e+00
3.410907851833899684e+01	1.425406814074236550e+01
2.019646088342835100e+01	1.169424986670869870e+01
2.945321423612299938e+01	5.553441313486153774e+00
3.347781887623440156e+01	1.547116988999854215e+01
2.936630534169154316e+01	1.782134992514429683e+01
2.592601995803175896e+01	1.653357832178782161e+01
3.236981467865419404e+01	8.553185179647776692e+00
1.285446106494602070e+01	1.548016984457578893e+01
2.586921749362691259e+01	1.893552468963471824e+01
1.330816744824719322e+01	1.415704926599633318e+01
3.424528241516624405e+01	1.060465507417618447e+01
1.226253096638253659e+01	5.820152669919221644e+00
3.467500742188037322e+01	1.298696987443892148e+01
