-8.730891233911465577e+01
-8.698444556926149573e+01
-8.409290033239255990e+01
-8.616674157351162933e+01
-8.919520889299691646e+01
-7.947554292450878677e+01
-9.283024773245416839e+01
-7.664716527696927528e+01
-8.187559211911946022e+01
-8.982382412099485691e+01
-8.990827124913576540e+01
-7.956377982295425966e+01
-7.960991692919259322e+01
-8.250360087900658357e+01
-8.873512220456896671e+01
-8.648931875387771129e+01
-8.900767929712615967e+01
-8.265738335987548169e+01
-6.727364723157360515e+01
-7.657673174125223170e+01
-8.656098808968511094e+01
-8.084761155185108805e+01
-8.249370078363578784e+01
-8.244774244740288793e+01
-8.210526424477278340e+01
-8.558685815467656255e+01
-8.129526586678646538e+01
-8.707038364917838180e+01
-7.785461430783810499e+01
-8.397986653186859485e+01
-8.715805991621422777e+01
-7.762424685481073539e+01
-8.589121883412508396e+01
-8.629675319697447833e+01
-8.555846981456363665e+01
-7.920796591133573372e+01
-8.579835052561816156e+01
-7.351191535878921002e+01
-7.923362703882497726e+01
-7.558770176560338427e+01
-8.773737597178839565e+01
-6.808117467901773523e+01
-8.294295156754775178e+01
-7.975380855374257294e+01
-8.379863833186091426e+01
-8.603327356719802310e+01
-8.407562431283128035e+01
-7.818455614602123660e+01
-7.744447482105407232e+01
-6.733702374044948158e+01
-7.662850699682179823e+01
-8.463232956910000837e+01
-9.207754951435661894e+01
-8.145179484766062217e+01
-8.855339132347737063e+01
-8.169488703506038974e+01
-7.317653116139919689e+01
-7.620138956492803572e+01
-9.324644308262770664e+01
-8.307017091955523824e+01
-8.058595760787677875e+01
-8.042171703089223911e+01
-8.108072423701709397e+01
-7.654285341802084019e+01
-7.290452226273468739e+01
-8.026933837177486453e+01
-8.617838017541944851e+01
-8.201769011492234540e+01
-7.490565351278947048e+01
-8.028414002238862679e+01
-7.993059443993895741e+01
-7.961350657690165633e+01
-8.763632911606676146e+01
-9.357635473810461235e+01
-7.330171398208115363e+01
-9.259097511301797567e+01
-8.133212420429516953e+01
-9.067926977748994943e+01
-9.056496619876321574e+01
-8.457352814289923515e+01
-8.210554115612414705e+01
-8.977331507164215907e+01
-8.185096906605255640e+01
-7.219599676211883832e+01
-7.960289949312280555e+01
-7.944651404851579457e+01
-7.191675736864779367e+01
-8.626517990989994189e+01
-8.425523397134318770e+01
-8.221116351584066706e+01
-7.772888688734796858e+01
-8.769923997009051675e+01
-8.022250366840043512e+01
-8.513292343828760522e+01
-8.409753582190393217e+01
-8.968139278318253105e+01
-8.211790593415007322e+01
-8.800021070940151446e+01
-8.428601161663311814e+01
-8.689308090836945553e+01
