-7.773217439891929814e+01
-8.878648691203623855e+01
-8.418195559000272965e+01
-8.709627347666167907e+01
-8.184128666602956059e+01
-8.442743211166515493e+01
-8.454941041134622992e+01
-8.530218942850748931e+01
-8.097049846441879595e+01
-8.363424808593107684e+01
-7.538571883593895961e+01
-7.903090630586265775e+01
-8.555408775714921887e+01
-8.620144316538635110e+01
-8.590883261819749350e+01
-8.599249731652260209e+01
-8.047614694437963578e+01
-7.767347163043281455e+01
-8.866064433551190405e+01
-9.025651873166629002e+01
-8.643295394110747054e+01
-8.490320662069657942e+01
-7.615191035126697727e+01
-8.162397307131107027e+01
-8.213083984944600502e+01
-8.597698251040105788e+01
-7.915639044408435154e+01
-9.371724389491153318e+01
-7.807041380364495353e+01
-9.386362553788447372e+01
-7.764604883780589262e+01
-8.042130020497621956e+01
-8.388739569727987089e+01
-8.528480388115430344e+01
-7.695407655497695032e+01
-8.334216608378936542e+01
-9.813627736173900473e+01
-8.632686222921618935e+01
-7.021592048350872517e+01
-8.634272177692757566e+01
-8.137200977547075809e+01
-7.692389969232308999e+01
-8.404449396449537346e+01
-8.133193143925841184e+01
-8.356211920767465529e+01
-8.055099377744024025e+01
-7.763921914087246989e+01
-8.816036289784426572e+01
-8.476406834100887977e+01
-8.242209577964761991e+01
-8.172248481939385556e+01
-8.333622529122634148e+01
-8.121809822522962463e+01
-8.870513829392659488e+01
-9.046666980799207636e+01
-8.252960997367682694e+01
-8.056593973511711226e+01
-8.665410148093977227e+01
-8.642133139549291343e+01
-7.562230984663661104e+01
-8.035505059158191443e+01
-7.915945417452182653e+01
-7.720912825635292620e+01
-8.940946071837413456e+01
-7.852825388035191168e+01
-8.170893274080974322e+01
-5.228498574315815972e+01
-8.058614562417571392e+01
-8.079169725058915219e+01
-8.500135662134955794e+01
-8.986677548245933167e+01
-8.496024637304263649e+01
-9.597268706355480106e+01
-7.066554676987188088e+01
-8.721133991189525148e+01
-8.475052951104662213e+01
-7.887778184173514262e+01
-7.497201270111214910e+01
-7.660428653929847087e+01
-8.282524169856047536e+01
-7.716518738706939473e+01
-8.084101790902677465e+01
-8.836652180938261836e+01
-8.191294325366102669e+01
-8.913324152370418574e+01
-8.039054511880608800e+01
-8.041670590155430887e+01
-8.204132059907728092e+01
-7.906453473619447436e+01
-7.698577635759947668e+01
-8.344483190900176339e+01
-9.399934391376547183e+01
-8.527947368514138304e+01
-7.851719094964911960e+01
-8.330773909258365961e+01
-7.561847942034142989e+01
-9.028730147730725264e+01
-7.838795586918942604e+01
-8.583352846532150693e+01
-8.154226357303735995e+01
