-7.954151935825350961e+01
-7.846306015507232701e+01
-7.700957511304231673e+01
-9.304288493487095479e+01
-7.313495659860893738e+01
-8.797879650053964440e+01
-8.612691884497480999e+01
-8.691253673838193095e+01
-8.336955304785114151e+01
-7.802094522258204279e+01
-7.477710123674860654e+01
-8.965368734336320244e+01
-7.618843374540830382e+01
-7.879201397318023226e+01
-8.406079255003770356e+01
-8.624321574162718207e+01
-7.923065264671969032e+01
-7.866280797609871911e+01
-8.209934118863920105e+01
-8.043470386898491142e+01
-8.105777821440895536e+01
-8.075528438262298891e+01
-9.116900322469602713e+01
-7.195652649676146950e+01
-9.273289335200523453e+01
-7.832238226941514370e+01
-7.942074690307809703e+01
-8.686895393582517499e+01
-8.393382451630833430e+01
-8.583757813829576833e+01
-8.110735271984150074e+01
-8.724031656218889452e+01
-8.148816936692401214e+01
-7.695853862862909978e+01
-8.467432374038567389e+01
-7.784264821656284994e+01
-7.477554390667320661e+01
-7.682799019194158063e+01
-9.072503992941045681e+01
-8.493927957337042756e+01
-8.701019637125382644e+01
-7.828990347391921034e+01
-8.638315392675556836e+01
-7.796984075209793730e+01
-7.811501116952216250e+01
-7.469181061706059666e+01
-9.219606273601615953e+01
-7.606921394700520977e+01
-8.274256728298473718e+01
-7.393880076960763859e+01
-7.890066916562953736e+01
-7.839398990462224504e+01
-8.168584546041344652e+01
-8.509487101490738326e+01
-9.105764258688411417e+01
-7.855686510477607953e+01
-8.489383461914535189e+01
-8.176257562844814686e+01
-8.595922904677019005e+01
-8.303828076138732683e+01
-8.634455282519286357e+01
-7.169585456465478046e+01
-8.262978724722663060e+01
-9.006550062558345360e+01
-8.242330378967679394e+01
-8.588349544589715379e+01
-7.869221956458163447e+01
-8.936959397820582751e+01
-8.509099327868672447e+01
-8.278001139504029027e+01
-8.472827122990871374e+01
-8.690545189469747811e+01
-7.350090331038904878e+01
-7.997486634973628838e+01
-8.633896739373818718e+01
-7.734315331269732496e+01
-8.670219871122093025e+01
-8.275355451966787257e+01
-8.381518884816730974e+01
-7.933103368276597678e+01
-7.731752868691738456e+01
-8.297117064915275364e+01
-8.075669638963866248e+01
-7.603589972143711861e+01
-7.542005331598522844e+01
-7.687418943100429658e+01
-8.300314795199986406e+01
-7.811588042089657336e+01
-8.880348861452903009e+01
-8.532322145497946053e+01
-8.423369290392099629e+01
-9.141337302792226183e+01
-8.150289516940515000e+01
-8.073217599307379544e+01
-7.591949887654490681e+01
-8.124757916233104993e+01
-8.605027998794233213e+01
-8.356088963547337300e+01
-7.950381079330435341e+01
-8.907552667287718862e+01
