-7.620187702643482908e+01
-7.716225026144741150e+01
-9.177574598626003421e+01
-8.564090953340281942e+01
-8.514784074153939741e+01
-7.721196303581734810e+01
-7.411711560592581804e+01
-8.464338361789337739e+01
-7.536142855321290313e+01
-7.709713821949586077e+01
-7.841066083321045710e+01
-7.540030744538594831e+01
-8.023824880271364179e+01
-8.647333620545640542e+01
-8.386315812471264053e+01
-8.510164662659462920e+01
-8.369634914895226530e+01
-7.858480246448273476e+01
-8.213455376464992241e+01
-9.169854703138385332e+01
-7.150724281442134611e+01
-7.767743453082540839e+01
-8.628080690581533929e+01
-8.042269834843845899e+01
-8.582500030131197377e+01
-8.080288357144443978e+01
-9.428231577796036333e+01
-8.482160793093642326e+01
-7.147425616812716953e+01
-7.920100126065183588e+01
-7.860693113924946829e+01
-7.789488774676253513e+01
-7.968984610691606463e+01
-7.648872305795480031e+01
-5.303459647323647630e+01
-8.730908734893208134e+01
-8.181124013052573218e+01
-7.936554028758240520e+01
-8.978603124763658627e+01
-8.834757934672609281e+01
-9.211637945728142540e+01
-8.846664324557684722e+01
-8.147036331076417071e+01
-9.263889913096636519e+01
-7.626683221730294804e+01
-7.945113987614281825e+01
-8.189321007744989345e+01
-8.723685109633342449e+01
-7.955396123351135884e+01
-8.684846965785264672e+01
-8.865364192049709402e+01
-8.446941503477151514e+01
-8.016691499531316367e+01
-9.642344977027740072e+01
-7.409114478837393847e+01
-8.140356321989273169e+01
-7.900143414266452169e+01
-7.876342684054404231e+01
-8.343566674644092984e+01
-8.137987542894995840e+01
-5.637054723326790651e+01
-7.852350940845084892e+01
-7.957788062408398844e+01
-7.792001850249370420e+01
-7.865204961246261917e+01
-8.098478740929817832e+01
-8.918745230222664588e+01
-7.704357955141674097e+01
-8.513872730054603721e+01
-8.176554013370403595e+01
-7.875940776793414955e+01
-9.088111685676496165e+01
-8.548345678955004701e+01
-8.917174071769895249e+01
-8.443003343429725760e+01
-8.500214411811832349e+01
-8.431736999349992345e+01
-8.445956386735819876e+01
-8.276234443495360438e+01
-7.997785700264273601e+01
-8.556919435601338364e+01
-8.756845674696573667e+01
-8.821666311019971829e+01
-8.907491850343691908e+01
-7.736514386360271089e+01
-8.518229638270238979e+01
-7.311383161875386349e+01
-7.360502838678314674e+01
-8.661122687700736833e+01
-7.788744947405997721e+01
-8.647394685682768056e+01
-9.438645546241538398e+01
-8.451721642492798026e+01
-8.493038095447938929e+01
-8.288244773243394548e+01
-8.258231580845753683e+01
-8.346876397141291193e+01
-8.256840409077069864e+01
-8.338680937645297320e+01
-7.938449201526094612e+01
