-7.821075487127785664e+01
-8.757892566677355717e+01
-7.931226579792731002e+01
-8.662518721144419942e+01
-8.380033326804836236e+01
-8.399690983253564980e+01
-8.276759478641587009e+01
-8.688584351095082070e+01
-7.692240963499322959e+01
-8.585994030932486965e+01
-8.445744590906956262e+01
-8.803579502059145057e+01
-8.600845159113865179e+01
-7.923335846182065723e+01
-8.349183499503570260e+01
-8.817271078472722934e+01
-8.680460819688067886e+01
-7.756679021563309107e+01
-8.705137208315528596e+01
-8.283019976747355884e+01
-9.172061588013534106e+01
-8.114152313066908562e+01
-8.530492935224285134e+01
-8.990328360808837260e+01
-8.503621223380808658e+01
-8.498725310406058497e+01
-8.026925232181935144e+01
-8.968654579890285561e+01
-8.684759003724026627e+01
-8.249260086530074432e+01
-8.081633240382173256e+01
-8.458347612342743105e+01
-8.301176250715356275e+01
-8.696695834776366496e+01
-8.274797957549418470e+01
-8.010260885307583578e+01
-8.643080381726704786e+01
-8.420514187493844815e+01
-8.503723202630864364e+01
-7.783273312821010848e+01
-8.232344809983162293e+01
-7.787401409621126902e+01
-8.058563040796089183e+01
-8.009011555822694106e+01
-8.710332206665263755e+01
-7.875968622548303699e+01
-8.292569973997832733e+01
-7.580976462396350257e+01
-8.570164006810215085e+01
-8.455547359344875247e+01
-7.811150056896514116e+01
-7.670106026329520432e+01
-8.132919251947843975e+01
-8.391168370035525470e+01
-7.864018506525944474e+01
-7.591519760511570780e+01
-8.057138039068385638e+01
-7.624666467296827932e+01
-8.260187329396772782e+01
-8.069401908712764282e+01
-7.628868863671488043e+01
-8.284326380067834350e+01
-8.592519675248045985e+01
-9.417030768761644310e+01
-7.494944201514968540e+01
-8.340140946309060155e+01
-8.583561782275262431e+01
-7.478350822585416324e+01
-8.501267470547203686e+01
-7.410968973994958731e+01
-7.390947245390195519e+01
-8.631597716417437027e+01
-7.783071817651448043e+01
-7.524876079114626748e+01
-9.045921377832657129e+01
-8.094963741229432230e+01
-8.993374724524140618e+01
-7.837265897981423279e+01
-8.835366897390753138e+01
-8.089949063106574556e+01
-8.305117448809386360e+01
-8.047095379003370397e+01
-8.383021668417960370e+01
-8.967764097523566136e+01
-7.576502988215698053e+01
-8.728180085598030757e+01
-7.687343877032273554e+01
-8.411680084109899269e+01
-8.319309795434828914e+01
-7.891042688731842247e+01
-7.989416424008626905e+01
-8.773021403223991399e+01
-8.056250948934170708e+01
-8.851791349997438374e+01
-8.182098161874249342e+01
-8.291956366031062942e+01
-9.367928294290635449e+01
-8.004532674835166972e+01
-8.511044854756460154e+01
-8.038287303582448828e+01
