-8.713465175486747682e+01
-8.244989605597123727e+01
-8.252169039987272470e+01
-7.334572856370570548e+01
-8.014420351370822004e+01
-7.672325932421746586e+01
-8.864487404336463783e+01
-8.328289781579618989e+01
-8.508323780411670612e+01
-6.984629312850671568e+01
-7.504405518520083263e+01
-8.741393025852238452e+01
-8.882049845178413250e+01
-8.690955486812617892e+01
-8.527945096079076848e+01
-8.475910104255012811e+01
-7.906747357479737559e+01
-8.660003437343327448e+01
-8.108096523798580790e+01
-8.457242700515395484e+01
-8.714151418295605822e+01
-8.432121267126014175e+01
-8.104194982213080323e+01
-8.429967659779514122e+01
-7.743612194911902691e+01
-7.793060239187404648e+01
-9.099792039538571942e+01
-8.616006122174104576e+01
-8.247284480510725757e+01
-7.180270629888757128e+01
-8.293750403294825446e+01
-8.043402817438878571e+01
-8.107692494753337087e+01
-8.451091206249087406e+01
-7.367214413179911503e+01
-8.452021157158729636e+01
-8.139610297409437578e+01
-8.240596823593234888e+01
-8.305091082497756361e+01
-8.566799988410092226e+01
-7.880899945763287917e+01
-8.531679376481508825e+01
-7.945273347353519000e+01
-8.267120415391697463e+01
-8.891979351400792098e+01
-8.147160510886065765e+01
-8.093849176270038015e+01
-8.602437999042550132e+01
-8.254756808221105757e+01
-9.038105859757645533e+01
-8.114768091311518106e+01
-8.117286995890451351e+01
-7.385389796886080660e+01
-7.853483290276776074e+01
-8.291566574208617624e+01
-8.577088433568579262e+01
-7.609586705381380511e+01
-8.319279042492973986e+01
-7.768638593318817698e+01
-9.127442625903096030e+01
-8.780558674998840729e+01
-8.452533538829216297e+01
-8.472038446611432505e+01
-7.556883856480976647e+01
-7.375989185720547425e+01
-7.167540375964404120e+01
-7.786683631677075823e+01
-6.473352873630726378e+01
-8.712667905962103987e+01
-7.679509439453724440e+01
-8.229051902893989734e+01
-8.013536011923189051e+01
-7.551475479914175537e+01
-7.318859887886516447e+01
-8.554894470809695406e+01
-8.583213881386777189e+01
-8.610820561947781471e+01
-8.278525707837614789e+01
-8.082604238544119823e+01
-7.880269209426033683e+01
-8.341099062137220699e+01
-7.255183967792181932e+01
-8.584610216838495944e+01
-9.277672190267237795e+01
-7.971614795476465076e+01
-8.701481137616411843e+01
-8.369128275479849322e+01
-8.780964200812179854e+01
-8.549564665589501544e+01
-9.017731561736266599e+01
-8.113213484567326361e+01
-8.550276959975717261e+01
-8.180877563425559629e+01
-8.881868543061023047e+01
-7.769351461379243062e+01
-7.217106725261749034e+01
-8.471312678792003226e+01
-8.604905008721800641e+01
-7.677494972887060953e+01
-8.397027428292466311e+01
