-8.206712052104188615e+01
-7.573568590599953154e+01
-9.001690862099749779e+01
-8.713049432509748726e+01
-7.539189921310783404e+01
-8.127557883784875514e+01
-8.452211251278860971e+01
-8.804476343007614503e+01
-8.793065546033160729e+01
-8.501241213080577097e+01
-7.899868836649527282e+01
-8.471227053432777154e+01
-8.296930884460856248e+01
-9.053216967376204138e+01
-8.707696376612570077e+01
-8.316943877709606170e+01
-8.190484997175411763e+01
-8.026138519557055417e+01
-8.340298315993675260e+01
-8.825801260890044375e+01
-8.261216253708644786e+01
-9.437276948979504709e+01
-8.154489559343534211e+01
-7.682819887601588960e+01
-8.834109486780663190e+01
-8.026067204373467234e+01
-7.688692818107344351e+01
-7.624919901411760748e+01
-8.813608539982823231e+01
-8.384788441389900981e+01
-8.254397257225943463e+01
-9.016769450082730941e+01
-8.424645182701605961e+01
-8.353515101984591240e+01
-7.327907412946801458e+01
-8.002300600982476908e+01
-4.603090888994277918e+01
-8.411500558114170190e+01
-8.532833783085366974e+01
-8.450021615435353795e+01
-9.133007387363471707e+01
-7.948190170248358299e+01
-8.211088087954591686e+01
-8.535338213544960695e+01
-7.612779510564456587e+01
-7.878757682562225284e+01
-8.994938849955596538e+01
-8.610673606932409996e+01
-8.398695208440443594e+01
-7.203742843591199119e+01
-7.767456335435096548e+01
-7.758505368356161114e+01
-7.733788319512051146e+01
-7.353945002635019534e+01
-7.919750218243602546e+01
-8.804588893998865728e+01
-8.318741397048654562e+01
-8.085183578959960471e+01
-8.207202187148556050e+01
-7.792747536407094344e+01
-8.199956377444192412e+01
-7.162838199911821846e+01
-9.373180075105548781e+01
-9.016459857919060994e+01
-8.155933679358741983e+01
-8.606566675537035849e+01
-9.233584653089630478e+01
-8.227467859484096380e+01
-8.018955659497122213e+01
-8.490990196146479718e+01
-8.677335480672626034e+01
-8.021951512024283204e+01
-8.658599271837128697e+01
-8.766731280962537198e+01
-8.772996650507596428e+01
-9.070543198201208668e+01
-8.825420804181585765e+01
-8.013337260496820136e+01
-8.015517355002673128e+01
-8.338955631665042745e+01
-7.308405464838821786e+01
-8.324472519425924588e+01
-8.596709450237864303e+01
-8.749045175135714203e+01
-8.473695681577937933e+01
-8.604274089995828945e+01
-8.937205795414375586e+01
-8.126268662534917553e+01
-8.789892247938395542e+01
-8.190113237534629320e+01
-8.646860933255204884e+01
-7.707328151638699865e+01
-8.138899854034222869e+01
-8.568614781070409947e+01
-8.010395760638692764e+01
-7.823284806147216841e+01
-8.069713805705171694e+01
-8.318870436427485515e+01
-8.320062612446582762e+01
-9.112957603285703101e+01
