-7.766448829349762661e+01
-8.160625968441837585e+01
-7.824957745676144327e+01
-9.537288834886186351e+01
-7.923718449814607823e+01
-8.403678285864663167e+01
-8.441685757847503169e+01
-9.464466262366093474e+01
-8.581638841278689256e+01
-7.819353530441151179e+01
-8.294880696357783734e+01
-8.585698804701509346e+01
-8.131425481341547368e+01
-8.038834490703708013e+01
-8.246294384938522626e+01
-7.222338096680918795e+01
-9.389390177173929430e+01
-8.550824520506961335e+01
-9.524083237084893483e+01
-8.310319072078426927e+01
-8.385098692390558028e+01
-8.315353468951525429e+01
-8.804586186167649942e+01
-8.085846269574362566e+01
-8.307840820385715119e+01
-8.305107948539730955e+01
-8.817650296823141787e+01
-7.624840619596943725e+01
-8.693874850691760514e+01
-7.245151569114722179e+01
-7.411591960758725861e+01
-7.145242450530217582e+01
-8.614117050273891607e+01
-8.162240436544325917e+01
-7.111712305155923275e+01
-8.992045755971167864e+01
-8.271080832646636338e+01
-8.553284233855441698e+01
-8.516845009468187300e+01
-8.394272375778650996e+01
-7.365483661742473487e+01
-8.677721475797608264e+01
-7.243669720477332419e+01
-7.784628771767570754e+01
-8.908367371373381616e+01
-8.571098353390179625e+01
-8.743620142896598679e+01
-7.005310296401577830e+01
-8.271119654166379576e+01
-8.614629907256440333e+01
-8.257359412190463388e+01
-8.738924559116108526e+01
-8.515008963312293133e+01
-8.395058171412895831e+01
-8.263107569819077014e+01
-6.772990024630945527e+01
-8.586459139151442344e+01
-8.113479754151551049e+01
-8.219126518504501178e+01
-7.055974986320288167e+01
-8.846738429751998467e+01
-7.956877463930341321e+01
-8.732705705986936096e+01
-8.801080222149580834e+01
-8.659335999951140650e+01
-7.716717896700608037e+01
-7.649379096709716919e+01
-8.904945677276421634e+01
-8.335165892072964766e+01
-8.443328042202786321e+01
-8.728666231440060130e+01
-7.770530373648668387e+01
-7.429099735909456115e+01
-8.153129251763706975e+01
-8.703812518701187173e+01
-7.479290825390876307e+01
-7.904240447931393021e+01
-8.030640744766007799e+01
-9.244406742479610273e+01
-8.548252050921146861e+01
-8.100732720532616327e+01
-9.189466933296768048e+01
-7.914382480859542568e+01
-8.366464382338996586e+01
-7.431359555189908406e+01
-8.340712420616036127e+01
-6.233169835136290970e+01
-8.828027788012001054e+01
-8.047089845173013600e+01
-7.984194105287193111e+01
-8.644344930207917344e+01
-4.474506317275660194e+01
-8.689615238465074754e+01
-9.215961480652512705e+01
-8.401305504077645026e+01
-8.440999030794000646e+01
-8.023852121240614110e+01
-7.795487696719706605e+01
-8.127458344667834922e+01
-7.413528212941075424e+01
