-8.776185405672229933e+01
-8.719951018912128404e+01
-8.590052189224554979e+01
-9.041060474241083966e+01
-8.203868879935478731e+01
-8.154774768135378338e+01
-7.724131740310676264e+01
-7.531147493366779599e+01
-8.064416876782279076e+01
-8.755948078432673753e+01
-7.493103917794275048e+01
-7.865673934999249184e+01
-8.712907360595276884e+01
-8.567693774978442889e+01
-9.185959687760019676e+01
-8.775325944969478087e+01
-7.584318957717188425e+01
-8.094340196147031463e+01
-7.800984869383783860e+01
-8.094835798026673501e+01
-8.906788038257978712e+01
-8.747627732906774156e+01
-8.253444271300807600e+01
-8.297770442802327295e+01
-8.516178616522536515e+01
-8.705552649762132944e+01
-9.382258169754838661e+01
-8.645842456060219661e+01
-9.267195093420897933e+01
-7.601713336503240726e+01
-8.279412001810564448e+01
-8.332599095725868210e+01
-8.071263532544068653e+01
-8.576221882070724689e+01
-8.498661193364473831e+01
-8.695538692298441674e+01
-7.418558700655296434e+01
-8.171401032655776930e+01
-8.572399554417717127e+01
-8.049717010321427324e+01
-8.432824493342334904e+01
-8.032707500032429948e+01
-7.835517497439164458e+01
-8.562108666133887880e+01
-7.851589730900421671e+01
-9.004903088048149584e+01
-9.013535003327039874e+01
-7.607291262501408369e+01
-8.509434347349949235e+01
-8.043445560530570049e+01
-8.035777752557784481e+01
-8.703052843529758320e+01
-7.098335593191251292e+01
-8.201723061902860934e+01
-8.332317048315221086e+01
-8.556315242180728831e+01
-7.698138245574641303e+01
-8.342201217277568048e+01
-9.231204058354437336e+01
-7.945279428242918129e+01
-8.818689155765540022e+01
-7.418194000661027587e+01
-8.579683164413582119e+01
-7.676628490300915075e+01
-8.192221163993498578e+01
-8.331926210275227618e+01
-7.211980627018749601e+01
-8.781003803404594521e+01
-8.367312330100716622e+01
-8.411032270475486428e+01
-8.401804880732254333e+01
-8.427350839892930878e+01
-8.209321609720372237e+01
-7.810725701663508858e+01
-8.987563594764989716e+01
-8.132331781452052155e+01
-7.406875381080959642e+01
-8.138858301484073365e+01
-8.333185032555017813e+01
-7.958525345128580852e+01
-8.175264131774252974e+01
-9.021615021578796245e+01
-7.506759672543236661e+01
-8.939633895728427149e+01
-7.596814982893131685e+01
-8.776615073396763478e+01
-8.464404261619154113e+01
-8.555541182307526071e+01
-7.946465505088636405e+01
-7.944621617117641676e+01
-8.229194985172198074e+01
-8.319919504288283463e+01
-7.578457180008233252e+01
-7.707522646679342415e+01
-8.523993635633375732e+01
-7.242885624733177963e+01
-7.820926499977871060e+01
-8.188883695124179951e+01
-8.214201521783927262e+01
-8.142567362318062862e+01
