-7.572458729713117975e+01
-7.611335141651542813e+01
-7.445035859656339028e+01
-7.876817715252587959e+01
-8.880268732691912703e+01
-8.863974704863169052e+01
-8.456036399727386765e+01
-8.012426514234542196e+01
-8.787138837810032044e+01
-8.788430636576644872e+01
-8.384030816879628389e+01
-7.963032288362680333e+01
-8.635662447673374231e+01
-8.470108364694043246e+01
-8.758342183540743520e+01
-8.861444860430344761e+01
-9.237685915389526770e+01
-8.094860199984532301e+01
-8.676927773563730284e+01
-8.718472722787804230e+01
-8.916022881179306125e+01
-8.096345103150343903e+01
-8.329201771318278702e+01
-8.171448191212887480e+01
-8.203485960868428606e+01
-7.823207776261538982e+01
-8.440966583575310267e+01
-8.264274693878188316e+01
-9.012850318008968031e+01
-8.471292342403940268e+01
-8.692820680513727893e+01
-7.739962545403268734e+01
-8.904635008932874030e+01
-8.235777809003865002e+01
-7.778311722603602618e+01
-8.613094612848618681e+01
-7.900421704760731245e+01
-8.187863663111288304e+01
-8.073684161676024473e+01
-8.272743336513822499e+01
-7.138066097422208145e+01
-8.501988175815353088e+01
-7.531506796083274935e+01
-8.092376260696083534e+01
-7.964444818449939589e+01
-7.440608117858648995e+01
-8.155457556324854806e+01
-9.343756605117104641e+01
-8.517170518034659210e+01
-8.169294063559688368e+01
-8.299993440556832525e+01
-8.524633838239985550e+01
-8.810983971284490224e+01
-8.255079049678781189e+01
-7.254041573273741506e+01
-7.435046160122317360e+01
-8.755064215268657790e+01
-8.330866338202187649e+01
-8.436560861064361916e+01
-7.066151813199911658e+01
-8.408844629282171468e+01
-8.288505040543492441e+01
-7.744716733172498380e+01
-8.770815661420559195e+01
-7.479898704664965692e+01
-8.543886618701317559e+01
-7.817344270590295707e+01
-8.292884565487733539e+01
-8.937597151730530243e+01
-8.714349076979881659e+01
-7.941271172161907543e+01
-7.950038933613424774e+01
-8.281460831860604799e+01
-7.886069645519560822e+01
-7.933462840524711623e+01
-8.011654053114732221e+01
-7.736876609304943031e+01
-8.528743887613821073e+01
-7.957840341345662694e+01
-8.260885686453720211e+01
-8.525815346611854295e+01
-8.006169171638387638e+01
-8.611956492343244918e+01
-8.228590665220893641e+01
-8.578010411591249351e+01
-8.536634932167950751e+01
-8.537321741837942568e+01
-8.211368320631352447e+01
-8.311152551248545706e+01
-8.639173090900759178e+01
-8.996155912557533441e+01
-8.510614294306135719e+01
-8.367031834581467820e+01
-8.346013792829836575e+01
-8.063486111026760739e+01
-8.084466522165286051e+01
-8.370864304076845031e+01
-8.232309800097095831e+01
-7.681674783725607369e+01
-8.519047010542972487e+01
