-7.574379114534664836e+01
-7.778404234758157543e+01
-8.232871721715088142e+01
-8.846933638398105870e+01
-8.059318206153578501e+01
-8.526977719951266010e+01
-9.233630173065485280e+01
-9.007834927654377566e+01
-8.425154219422395840e+01
-7.802069111583301719e+01
-8.952540627319474709e+01
-7.496189553344871115e+01
-8.725546039127027598e+01
-8.196928064113079415e+01
-7.698953568493375599e+01
-8.406471644078339978e+01
-8.037497244149227527e+01
-8.405940431029354443e+01
-7.398038892260706234e+01
-8.539900793467334950e+01
-7.087998811694211554e+01
-8.236621091189805099e+01
-7.732065505440098718e+01
-8.566902175403642161e+01
-8.421629797904914483e+01
-8.873196041754736996e+01
-7.944967354563833339e+01
-8.949382461828014357e+01
-8.595889721102028602e+01
-7.719556111988862313e+01
-8.987485604214892021e+01
-8.774041124744859133e+01
-9.179580258801338744e+01
-7.733562803097650828e+01
-8.108811869810277528e+01
-8.567100038917216409e+01
-9.360133026119662247e+01
-8.414108914552117824e+01
-7.645347615630927862e+01
-8.629974180406297535e+01
-7.630671681399802253e+01
-8.053818439321567269e+01
-8.419682880378111633e+01
-8.695933576486585537e+01
-7.930261346926396016e+01
-9.091232370474838831e+01
-7.546285156847257269e+01
-8.235671193951738189e+01
-7.925056631991941458e+01
-8.406867832803827412e+01
-8.364194347140683305e+01
-8.229274385230716859e+01
-8.100270953877264901e+01
-8.931802244891592579e+01
-7.907087228849593430e+01
-7.753845467844298867e+01
-8.449798454160837480e+01
-8.122107289854415058e+01
-7.814335107020373528e+01
-8.290683973273218044e+01
-7.615198324826219789e+01
-7.235333104164666906e+01
-8.546549072871462727e+01
-8.612326071092321911e+01
-8.497618061583101223e+01
-8.800788023499960389e+01
-8.602091884004106248e+01
-7.822156114718976028e+01
-5.041744782630956223e+01
-8.620312899880731550e+01
-9.191190007334132872e+01
-7.456052672197438369e+01
-8.320148690781745415e+01
-8.623192015609019734e+01
-8.349420023158224069e+01
-8.372520227997013365e+01
-9.512211726280305868e+01
-8.206163440157389743e+01
-7.660897491709511087e+01
-7.890830071603787133e+01
-8.411587258995315608e+01
-9.046933521872793449e+01
-7.716999153944703949e+01
-7.588521567565874193e+01
-7.797524727533669875e+01
-7.777717671206944772e+01
-8.784633462074305044e+01
-8.793460646484840026e+01
-8.125170273002675003e+01
-7.988025081028673924e+01
-8.146997669658894381e+01
-7.819970426311851952e+01
-8.722354754361859364e+01
-8.897416372244117611e+01
-7.814760531646626873e+01
-8.292734751362897327e+01
-8.039658488654768576e+01
-8.378475262400711188e+01
-7.996232061087307841e+01
-7.319354388339012019e+01
