-8.600961429903767907e+01
-8.041599003217390873e+01
-9.381997999720174164e+01
-8.976078011419166103e+01
-8.382472472672438357e+01
-9.328231314547392117e+01
-8.321015054310832681e+01
-8.429974019293541687e+01
-8.578107379554042211e+01
-8.216166589537391474e+01
-9.029798866402299495e+01
-9.135068903486481418e+01
-8.256159267848441630e+01
-9.194520051418385265e+01
-8.184153731125266518e+01
-9.143730647863483796e+01
-8.918461956696124560e+01
-8.692993198933844212e+01
-8.792623038329303142e+01
-8.344001245494365548e+01
-7.480996248031181040e+01
-8.022299643507091105e+01
-7.640228128278653230e+01
-8.683180474511409841e+01
-8.241074051255635879e+01
-7.790521508707945486e+01
-8.093168627632113044e+01
-7.341592248262173825e+01
-8.242678602262827781e+01
-8.235245803291090283e+01
-8.746724158351649692e+01
-8.588341508535702928e+01
-6.432693581575236408e+01
-8.723200378668632027e+01
-8.254074257228241152e+01
-8.346063722518233874e+01
-8.483411262723029722e+01
-8.960805440506753428e+01
-7.457696040122010572e+01
-7.418334098044428515e+01
-8.660820625879509294e+01
-7.549868458484644407e+01
-8.030376253058906855e+01
-8.373259934065789878e+01
-8.763441283236699064e+01
-8.276869542629432885e+01
-7.875361785822009608e+01
-9.025710712334435470e+01
-8.736086692778739859e+01
-8.649276064317447776e+01
-8.444556245038026532e+01
-9.116835840774933786e+01
-7.631028485845993714e+01
-7.735152101571743799e+01
-8.131672389623126662e+01
-7.656100401496831864e+01
-8.371103393122511704e+01
-8.782514774577802541e+01
-8.458601044806555080e+01
-8.532841811401068810e+01
-8.211439210663324673e+01
-7.896997507743466826e+01
-7.657154035638566825e+01
-8.349465199980930663e+01
-8.230788639036546783e+01
-8.195498366585195527e+01
-8.821955385661394189e+01
-8.247433170054807761e+01
-7.598677201410755799e+01
-7.779242089355167877e+01
-8.846049422957833031e+01
-8.355991368818722265e+01
-7.832427090099515965e+01
-8.619806492082189209e+01
-8.686087381834150278e+01
-8.398271830113799297e+01
-9.455969520084616420e+01
-8.806208913190369003e+01
-8.609182264685499320e+01
-8.469352253568281697e+01
-9.648444489075565400e+01
-8.155402744703752660e+01
-8.434180337292241347e+01
-7.867090376230403592e+01
-7.709331953617716238e+01
-8.272864418155899102e+01
-8.511735548142920038e+01
-8.626053876034428924e+01
-9.135798738083740034e+01
-7.864984049420611711e+01
-8.869345161451451531e+01
-8.686283817476775937e+01
-8.347184120384503103e+01
-8.107404682804255458e+01
-8.458213583018559234e+01
-8.460623560683202982e+01
-7.846382944158671080e+01
-9.041548738891651738e+01
-8.421420084712670473e+01
-8.580051194732848785e+01
