-7.850956973126885430e+01
-8.252754260811329345e+01
-8.661980553992385978e+01
-8.524391743420306966e+01
-8.937949277228676692e+01
-7.469160317452697484e+01
-8.524792871018959772e+01
-7.947711314229010782e+01
-8.457810612518682092e+01
-7.838178751927975441e+01
-8.769927738591086097e+01
-8.493252263829299409e+01
-8.177039975287286211e+01
-9.192777153784547295e+01
-8.327476638190439928e+01
-8.164453784451258400e+01
-8.458140187861197035e+01
-8.602224655152079436e+01
-9.151140958928178293e+01
-8.514965599481820391e+01
-8.444597778491117879e+01
-7.814123001471546104e+01
-7.992987391929399621e+01
-7.146208288046254609e+01
-7.844529900644985787e+01
-8.367283210072314148e+01
-9.392158494038955041e+01
-7.665895608209345369e+01
-8.941823696881394312e+01
-8.379178955435926923e+01
-7.580378803450078351e+01
-8.116021082109952545e+01
-8.188084696731209533e+01
-8.646697628577717865e+01
-7.660299295458553104e+01
-8.644703340461124697e+01
-8.639911702910634972e+01
-8.901290512760014906e+01
-9.285987047960600194e+01
-8.291549799254255504e+01
-9.583241285293156864e+01
-8.936488144638154552e+01
-8.479218206984731410e+01
-8.857960231732070611e+01
-7.986222603479259874e+01
-7.020906689369614639e+01
-8.841803520711762587e+01
-8.268735597164298667e+01
-8.042746054230188690e+01
-7.865622712794171889e+01
-7.938560349699135088e+01
-8.618577734310584049e+01
-7.769077355716659383e+01
-8.526895453679334480e+01
-7.418163149409542712e+01
-7.878395159012234217e+01
-8.331232513737238321e+01
-7.313467462696432619e+01
-8.108622343654525366e+01
-8.930878263451903365e+01
-5.063648858015756105e+01
-8.260188168141922915e+01
-7.967784751228043660e+01
-9.280562354306319151e+01
-9.264873024383827271e+01
-8.290048483234649268e+01
-8.346393235003601774e+01
-8.796516264844467514e+01
-8.710224767198090490e+01
-8.325555901758278310e+01
-8.356913772036865851e+01
-8.010631576275255838e+01
-9.433609334978430638e+01
-7.215280119326803288e+01
-8.363636337067082138e+01
-8.479562693168082887e+01
-9.397524974268409892e+01
-9.243201129989955689e+01
-6.882419895165055834e+01
-8.201612376602281529e+01
-8.671180529265426173e+01
-8.509802994740282145e+01
-9.020842316622648127e+01
-8.383937350433376423e+01
-8.498951200460678024e+01
-8.500747370798829650e+01
-7.907871872882975595e+01
-8.620411579485563891e+01
-8.817651983052518005e+01
-8.531657103232679162e+01
-8.935174778957332364e+01
-8.597834277976404849e+01
-9.143814803444696793e+01
-8.873166774177941818e+01
-8.841868816860244351e+01
-8.449796506931598117e+01
-8.352191112265353468e+01
-6.786907841596874391e+01
-8.023894058309116417e+01
-8.441588437525827260e+01
