-7.955439627404413727e+01
-8.035429568532670430e+01
-8.038844489851481967e+01
-8.730391053022923131e+01
-7.621432463644330824e+01
-8.425655051088857306e+01
-8.455759098092353554e+01
-7.258713401288413536e+01
-8.597369173924731456e+01
-8.557419427925466948e+01
-7.800051671215197757e+01
-8.231223581816567503e+01
-8.208833874976731693e+01
-8.601619619701676811e+01
-8.501206033580848498e+01
-8.169134743207233385e+01
-9.247433021644249607e+01
-8.811054003842160398e+01
-7.190643453051808365e+01
-7.902143038056192381e+01
-8.610973466841200263e+01
-8.427885529383115681e+01
-8.337086707302653110e+01
-8.543742949111100415e+01
-8.167510938848407420e+01
-8.764195501703602531e+01
-8.040791635793071634e+01
-8.238749966656460799e+01
-8.396025379244706244e+01
-8.948325474264690627e+01
-8.859634012081674825e+01
-8.352306985865416777e+01
-7.945047132499173870e+01
-8.710842532870059074e+01
-8.946433328611217917e+01
-7.954611632602576776e+01
-8.918943919859589187e+01
-7.665027473459792873e+01
-6.677040408045864694e+01
-8.186970211127520258e+01
-8.090246202456633284e+01
-7.768982338993762937e+01
-7.518857919931116385e+01
-8.310102169956292073e+01
-8.530055836861554042e+01
-7.687009159766854793e+01
-8.340143858842050406e+01
-8.421049755503310053e+01
-7.918056552750252308e+01
-8.544438220960095975e+01
-8.740519217203829783e+01
-8.250521314467408729e+01
-8.985675749583818117e+01
-7.586796712794493658e+01
-8.841311936386850334e+01
-7.658557529911459483e+01
-7.859712541302980071e+01
-7.699551982702374175e+01
-7.676442982026846096e+01
-9.449719049791345071e+01
-8.546794200672903230e+01
-7.774201621425508790e+01
-8.930341135985314338e+01
-9.014915536229432291e+01
-7.814594624709040716e+01
-8.724955195633914684e+01
-7.536743471008257700e+01
-8.318450203396113807e+01
-7.981636465719817863e+01
-7.764777592811691420e+01
-7.540511686050746221e+01
-8.836221494735305271e+01
-8.463781526608786976e+01
-8.528963488349786815e+01
-8.446405764125576354e+01
-6.915550521567780606e+01
-9.121668382500178041e+01
-8.645763036665799461e+01
-8.854447099538626276e+01
-8.175898409184310367e+01
-8.053844130328400297e+01
-8.569680087028436333e+01
-8.170625829293599907e+01
-8.151854168864761618e+01
-7.636204048098116459e+01
-9.131118549809046669e+01
-8.470226953370398348e+01
-8.650930902066316719e+01
-8.255565447862601047e+01
-7.825274161108649196e+01
-9.069811112143662513e+01
-8.268348809805981148e+01
-8.944385259959767609e+01
-8.339087099534148706e+01
-7.862920162737199803e+01
-7.813642302696034392e+01
-8.144170124147011336e+01
-7.744789758360940368e+01
-7.962042122628797358e+01
-8.002702569377058239e+01
