-7.395459093058821054e+01
-8.353528795400697504e+01
-8.641574420801575229e+01
-7.488037395111265937e+01
-8.758225061014121593e+01
-8.483251414846532157e+01
-8.657414281172020765e+01
-7.549217577826460968e+01
-6.698515075833628885e+01
-8.760760729009697911e+01
-7.772940427881349024e+01
-8.179839418421843789e+01
-5.699782901564440607e+01
-8.580607419377162159e+01
-7.423753768949109144e+01
-7.959418897848490815e+01
-8.421646134435530939e+01
-8.147189877150486836e+01
-8.438399283132319795e+01
-6.860157325834109088e+01
-8.112645436082335948e+01
-7.917307357669008638e+01
-8.235843205279658719e+01
-8.643320711621386465e+01
-8.230426595532087219e+01
-8.574982675169552238e+01
-8.281762412205998203e+01
-8.087271468194400370e+01
-8.781660587568077858e+01
-8.628038713677133842e+01
-9.980588459802804380e+01
-8.595870172127203546e+01
-7.381869646334935453e+01
-8.102290253727437630e+01
-8.383671216322100861e+01
-7.969248180594190956e+01
-8.226366963936696663e+01
-7.960636437259712750e+01
-9.075017662833403165e+01
-7.903303736877518304e+01
-8.817764549533656293e+01
-8.326467534636257994e+01
-8.712428449432233890e+01
-8.609782604273284790e+01
-8.368223714259019630e+01
-9.332058808526562643e+01
-8.629601949924442295e+01
-8.006121152323972012e+01
-7.697743717614548586e+01
-8.592596450191098256e+01
-6.267455320570619648e+01
-8.346144964879621853e+01
-7.391089811041941005e+01
-8.039008995148633119e+01
-8.165610513306310736e+01
-9.007227928866387856e+01
-8.548639163133761087e+01
-8.601753471811838381e+01
-8.631076930714084483e+01
-8.403610601218464637e+01
-7.206447864810034787e+01
-8.508650656880820407e+01
-8.734979443451044290e+01
-7.136790415117145869e+01
-8.885616420993905251e+01
-9.163501820962679290e+01
-7.852093487787651327e+01
-8.158574361029111799e+01
-8.830695002785279257e+01
-8.505334353216188958e+01
-8.340844028494544204e+01
-8.934403698051788467e+01
-5.292963530874193623e+01
-8.658839675204377784e+01
-8.036214043460853418e+01
-8.465631155595700363e+01
-7.601954909715323083e+01
-7.965620566319064721e+01
-8.388603267567138744e+01
-8.547425332558513844e+01
-9.450772741100250585e+01
-8.966323711778952088e+01
-8.405284702627479021e+01
-8.063043402762501444e+01
-7.877138966405351539e+01
-8.659779487713602464e+01
-8.100381235211064279e+01
-9.242771453795704417e+01
-7.768897935689943779e+01
-8.738241726788953656e+01
-7.823528582183899971e+01
-8.506693843788468712e+01
-8.446984160658701057e+01
-7.573151121875665126e+01
-8.482753977445072735e+01
-7.848016944450526466e+01
-8.532817367552108578e+01
-8.529008138014867768e+01
-8.120419695897372492e+01
-8.880892694565781653e+01
