-8.085884688110969876e+01
-8.480435691722590263e+01
-7.873068777830407328e+01
-7.683315133394673069e+01
-7.825079190718727773e+01
-8.525199551779806484e+01
-8.617133409540183209e+01
-8.717985997894250261e+01
-7.774245108088003064e+01
-8.447658103643705374e+01
-8.697557817298884686e+01
-8.553588266493551373e+01
-7.472848107538355578e+01
-8.241419980195608730e+01
-8.141757179361930241e+01
-8.607137456383665608e+01
-8.012779472922413504e+01
-7.956890761772281451e+01
-7.855372216799793250e+01
-8.445928219874836884e+01
-8.594978789736313729e+01
-7.709681165942700432e+01
-8.873475001197385836e+01
-7.422404715575908085e+01
-7.197637732359429208e+01
-8.549031866069176999e+01
-8.968741706726935092e+01
-8.797542775035341833e+01
-8.797004563926141429e+01
-7.802492831826829445e+01
-9.041438108313148803e+01
-7.767764759492361293e+01
-7.953930773809368304e+01
-7.390839355719938908e+01
-9.324608287283452057e+01
-7.765936274644668913e+01
-8.043145212093143925e+01
-8.193456932278242277e+01
-8.941230331152191013e+01
-7.300530844908212202e+01
-9.476926600937513001e+01
-8.093687859083752301e+01
-8.147270948646544753e+01
-8.877625997164581406e+01
-7.677717312491732571e+01
-8.674544554258199014e+01
-9.353808044385226594e+01
-7.835327376782656472e+01
-9.245036522840069892e+01
-7.048505864221198181e+01
-7.681464932748920660e+01
-8.991699274159601885e+01
-7.052744163359503204e+01
-9.224220712371257491e+01
-8.770368074462265895e+01
-7.605618840721187723e+01
-8.312425793402944407e+01
-8.485347316214134139e+01
-8.284188790361312726e+01
-8.128547002470307348e+01
-8.364541026291847459e+01
-8.791169640949864572e+01
-8.396614359383843862e+01
-7.356556825941790123e+01
-8.293284385069354414e+01
-7.817978061534344647e+01
-8.249835924523230801e+01
-7.998294144024606567e+01
-8.764878210808053893e+01
-7.762132977892366625e+01
-7.744275977600042893e+01
-8.853932946512085778e+01
-7.972072740274666103e+01
-9.032007192794145567e+01
-7.617753919860906819e+01
-7.927386140962096306e+01
-8.151961811808835989e+01
-9.054441976359184707e+01
-8.129775877182035515e+01
-7.757810737971840354e+01
-7.703206578182003739e+01
-8.034892971828534769e+01
-8.588586387442303760e+01
-8.125760382082329158e+01
-8.304617964248768658e+01
-7.551054485369309077e+01
-8.092752690753586364e+01
-8.091097800628902803e+01
-7.116434315669215493e+01
-7.876896181000353181e+01
-7.649377950403440707e+01
-8.854653631439030903e+01
-8.258088548896373027e+01
-7.033768263273145749e+01
-7.660339566520596577e+01
-7.510260223855179618e+01
-7.794855260324453639e+01
-8.240163454556414990e+01
-8.051160275484670592e+01
-9.155371562681675357e+01
