-7.743169521625695495e+01
-8.464738182067713979e+01
-7.955484868383733499e+01
-8.410450979901111168e+01
-8.319213514850332558e+01
-9.044664768836769042e+01
-8.841003942402853966e+01
-7.861071920419230707e+01
-7.905786373365403108e+01
-8.529486581237316045e+01
-8.532890818271161493e+01
-7.931865661819479385e+01
-8.035628837673149860e+01
-8.776734100231972491e+01
-8.010968208717184780e+01
-8.721136156632115899e+01
-7.855794636069323644e+01
-7.614659662908502469e+01
-7.757822887351238705e+01
-8.083423473571407669e+01
-8.178672508039370825e+01
-7.707828166580081586e+01
-9.119004923427544895e+01
-9.045165890389969832e+01
-7.497034956058159594e+01
-8.568639825248048680e+01
-7.157586404906741961e+01
-8.906111898009908145e+01
-7.867261466395537184e+01
-9.120284200632715965e+01
-8.641349760246694700e+01
-8.959085747970475211e+01
-8.877942411469389583e+01
-8.970483005825975908e+01
-8.200044080404666147e+01
-9.563767416993206893e+01
-7.558041738178319235e+01
-8.439685269345979179e+01
-8.702307917450391983e+01
-8.134183557219589034e+01
-8.427951008780979691e+01
-7.861270565116359421e+01
-8.010950404305303607e+01
-7.930120422685317294e+01
-8.935810809372733843e+01
-8.976953035271317560e+01
-8.067711317154201822e+01
-8.137020952329599766e+01
-9.231669855342775577e+01
-9.799822294232697573e+01
-7.719220197246106352e+01
-8.378622940334562941e+01
-8.912659637905893817e+01
-8.084184561903332167e+01
-9.009712045925623158e+01
-7.468821454048487851e+01
-8.226300278050266002e+01
-8.094091401558011967e+01
-7.388030730643683341e+01
-7.743546703087417882e+01
-8.776423298706188802e+01
-7.855169113365290912e+01
-8.923364550137600304e+01
-8.610774289490990441e+01
-8.544864765104830440e+01
-8.365373075845909057e+01
-8.497227733311056852e+01
-7.671047494523647003e+01
-8.597903341231470620e+01
-7.458451368544452009e+01
-8.930502856030001624e+01
-8.005478304640695342e+01
-8.076304363117563412e+01
-8.582268744690856010e+01
-8.466410671264752352e+01
-8.761358583950189427e+01
-8.061558158922828454e+01
-8.295455573897254453e+01
-8.816343514893100064e+01
-8.537959262848144704e+01
-8.491401851932913303e+01
-8.509271637900749852e+01
-8.015692356560900578e+01
-7.941111780617909233e+01
-8.827608541503525430e+01
-8.841536946617662807e+01
-8.577142540654918434e+01
-8.360144990874934479e+01
-9.601857131257783351e+01
-8.765428410492978628e+01
-8.290315114081093384e+01
-7.518855256319417890e+01
-8.464913428904269210e+01
-8.846973764049450040e+01
-8.282077665170876912e+01
-8.035939238511582516e+01
-7.979164143758656280e+01
-8.552993940395194272e+01
-7.797531619242501222e+01
-8.197340364517410194e+01
