-8.207166237055459135e+01
-6.677077893289920496e+01
-8.615880780256337346e+01
-8.753283074708643596e+01
-8.015743656435857645e+01
-7.885198501901440693e+01
-8.598903249023794615e+01
-7.440343934208533483e+01
-8.978986867047072451e+01
-6.042646032113235322e+01
-8.658465611089974345e+01
-8.114673377391741838e+01
-9.346018659973056231e+01
-8.313794703312500189e+01
-8.646122652750837290e+01
-8.037704216147953673e+01
-8.323889135284453289e+01
-8.360497075310043158e+01
-9.129272023458675278e+01
-8.547543322425524082e+01
-8.474223651601106155e+01
-7.565076145094471372e+01
-8.920936673505383396e+01
-8.189020866363620144e+01
-7.888387086504610579e+01
-7.869405736535688334e+01
-8.888131869447305178e+01
-7.501534807171341868e+01
-8.845304563278742194e+01
-8.215196547651054004e+01
-8.629209802433452126e+01
-8.339639666927851636e+01
-8.480569006398296494e+01
-8.404481617046310760e+01
-8.574303117468618041e+01
-8.232116116546062301e+01
-8.149564427581148607e+01
-8.641698343776492663e+01
-7.529873370572384772e+01
-9.102483016163940022e+01
-8.357763117976539036e+01
-8.144767873989680140e+01
-8.516657991385942239e+01
-8.183615189884876884e+01
-8.162728252404016871e+01
-8.736821517632307632e+01
-7.141991984768458224e+01
-8.780400725952969765e+01
-7.770133303412981718e+01
-9.218819418695916568e+01
-7.739162170896575788e+01
-7.119741790869804277e+01
-7.040819019832825632e+01
-8.910323059027231807e+01
-7.797892241026009685e+01
-7.337298447807708612e+01
-9.398348914626618011e+01
-6.399252023689169988e+01
-8.706740302333574277e+01
-7.837493474109847114e+01
-8.850557541643289028e+01
-7.638695882514414848e+01
-8.202458105497247232e+01
-8.405011908071152504e+01
-8.721494042667326596e+01
-8.935723985718145457e+01
-8.904975387139649001e+01
-7.721717643942793075e+01
-8.830535370829555575e+01
-8.710565305896284372e+01
-9.574997923743138983e+01
-7.674913313515125424e+01
-7.843410430209574713e+01
-8.865384106420927424e+01
-8.806389669294391354e+01
-8.050096778694327782e+01
-8.194596419710470059e+01
-7.802284231018737160e+01
-8.531833177734245055e+01
-7.223522268139777225e+01
-8.026301267807437512e+01
-8.609685309111031870e+01
-8.145673565407889782e+01
-8.112993234466323145e+01
-8.270322129422700641e+01
-8.404168141979911866e+01
-8.717811748003171601e+01
-8.080027989491803453e+01
-8.339106944910746222e+01
-7.768837593683745979e+01
-9.227654866589358562e+01
-6.476911855046580513e+01
-7.893413085103904336e+01
-8.606141490118994852e+01
-9.176330133483018869e+01
-7.872665439732259074e+01
-7.402139069972206187e+01
-8.369144132549101300e+01
-8.404939923472318242e+01
-9.232551718859099310e+01
