-8.369650675628923864e+01
-9.341500731169467997e+01
-8.926601570704846722e+01
-8.620778712567231139e+01
-7.757063340817178698e+01
-8.238279269372715419e+01
-8.544888580031113179e+01
-8.839685613376585138e+01
-8.120807598281066930e+01
-8.423350718065832154e+01
-8.899783066767774642e+01
-8.292848711725466160e+01
-8.633148440498425202e+01
-8.422316823861022783e+01
-7.183166336681416908e+01
-8.530115050723003378e+01
-7.490766433079106434e+01
-8.574425435268913986e+01
-7.871883946229009155e+01
-9.246422601476770353e+01
-8.726019843479647875e+01
-7.564877032443202154e+01
-6.975736901407222490e+01
-7.290649280500700513e+01
-8.609409417852083379e+01
-7.864416429827156207e+01
-8.739757019662201287e+01
-7.133164703794125217e+01
-8.645436495904409924e+01
-9.272995279694842452e+01
-8.761339754528614776e+01
-8.504506122956054526e+01
-8.004392098030429281e+01
-7.959557910788321067e+01
-8.784738379386764962e+01
-7.665905419963097245e+01
-8.945516610885388786e+01
-8.050300300464424197e+01
-9.294727294832249243e+01
-7.563364110132376084e+01
-8.475093240225250213e+01
-8.551423774307012593e+01
-7.516902053056276145e+01
-8.585469434044522075e+01
-8.118739874463733486e+01
-8.025980833419754390e+01
-8.486384886833582186e+01
-8.700925089093873055e+01
-8.336079039039694294e+01
-8.924073965689424881e+01
-8.500470609426075441e+01
-7.575195930908584785e+01
-8.348998153456784621e+01
-8.564571991022923214e+01
-8.184485607057976608e+01
-8.531442101572667980e+01
-8.535924839335483227e+01
-8.825778519195800698e+01
-8.510594406624437624e+01
-8.757683242990353278e+01
-8.975374092619509270e+01
-8.122280391012924383e+01
-8.269455701684728410e+01
-8.683462692510769898e+01
-8.008308838626697934e+01
-8.360684652072706058e+01
-8.289851304994969894e+01
-7.958274779026214674e+01
-8.019502324877277033e+01
-7.890409670033541545e+01
-8.270360407461879504e+01
-8.792264572121673893e+01
-8.311717064790475717e+01
-9.287860636620887078e+01
-8.169320132073923446e+01
-8.691480453190527555e+01
-8.775166068768827188e+01
-7.372194625749828845e+01
-8.445637232661245264e+01
-7.484817637951898917e+01
-8.793243321695568682e+01
-8.253700461824334411e+01
-8.524090868354008421e+01
-6.890157187320214405e+01
-8.185774784113010583e+01
-9.308758800777479792e+01
-9.047376880143585254e+01
-8.717079728107890446e+01
-8.232563483775132340e+01
-7.832532020514710780e+01
-8.219220983671129943e+01
-8.490468260200600525e+01
-8.772746784375470952e+01
-9.088304415729511732e+01
-8.539061445101562242e+01
-8.529095896291885026e+01
-8.142302752699544044e+01
-8.309210701156113998e+01
-7.871761852217309752e+01
-8.330169395804190913e+01
