-7.971673773639312799e+01
-8.854493111576869069e+01
-7.802450674836056521e+01
-8.465482905937658131e+01
-8.178880584773310147e+01
-7.771346757402920957e+01
-8.846230354795122253e+01
-8.658226748409063589e+01
-8.152944618164481483e+01
-7.850057591635979293e+01
-9.001366381012969953e+01
-8.562378892727994639e+01
-8.477728374045356929e+01
-8.566554562539666051e+01
-8.006401179072763341e+01
-8.335307903777489003e+01
-8.497690922562587446e+01
-8.780851402660259453e+01
-8.203389486756783811e+01
-7.846915055138953221e+01
-8.301137070129335882e+01
-6.806307575008521837e+01
-7.628808208503910748e+01
-8.014287533738603031e+01
-7.745617550768193382e+01
-8.179609078721725268e+01
-8.511035770040649595e+01
-8.100268268364388291e+01
-8.849201106145298468e+01
-7.896198157499267722e+01
-8.285049963458844502e+01
-7.678274320770546524e+01
-7.332239528074427426e+01
-8.781155412546858940e+01
-8.600260532092865162e+01
-8.238978566788750868e+01
-8.507557822729474140e+01
-8.139668155941018313e+01
-8.384002592984722924e+01
-9.091409333511083446e+01
-8.486418269580366314e+01
-8.847943055174522442e+01
-8.522453714849397954e+01
-8.438582745967590881e+01
-8.253530276922246856e+01
-8.328879570337419125e+01
-8.844759922334584701e+01
-8.666780915114085815e+01
-8.235804300849329707e+01
-8.690672784596019085e+01
-8.446537527879843310e+01
-8.978184972028117272e+01
-7.693105469997472312e+01
-8.481428143865434777e+01
-9.192574060449145179e+01
-7.749908877364639181e+01
-8.241000419089115780e+01
-7.736503611199023567e+01
-7.905432169257356634e+01
-8.528439499350345443e+01
-8.209004987809302634e+01
-7.943587571194230179e+01
-8.586701031435214304e+01
-8.669005222254347132e+01
-7.760590032301512053e+01
-8.062642604743724917e+01
-7.777329058010654705e+01
-8.375717709301822822e+01
-8.646754169804310663e+01
-8.068942091365573788e+01
-7.408993497326152067e+01
-8.411781172328159073e+01
-8.750813646600757068e+01
-7.793685433598807322e+01
-8.508456163255875992e+01
-8.480935420110824907e+01
-9.142303468501604868e+01
-8.592414785448725922e+01
-7.616060207364731127e+01
-8.840661544660731863e+01
-8.859504692941253268e+01
-8.413507516931196051e+01
-7.787413678557803109e+01
-8.411903601684471710e+01
-8.022031988593369078e+01
-8.762840504840877998e+01
-8.517025300564407075e+01
-8.698029756146776492e+01
-8.255992565523277449e+01
-4.875524504059146835e+01
-8.495613992610664411e+01
-7.848091901829906192e+01
-8.310741858547980598e+01
-8.201274073113430063e+01
-8.717639900978862499e+01
-8.338596865833436311e+01
-8.553821920985137695e+01
-8.434509060813904568e+01
-8.247845561862293096e+01
-8.237163981171381977e+01
