-8.347903470178677310e+01
-8.655249386493049712e+01
-8.148002127104057024e+01
-8.191870082279133669e+01
-8.787506691405644688e+01
-8.389189753784428660e+01
-8.290626520322507531e+01
-8.603621253023092663e+01
-6.687687647139127023e+01
-8.801543756831951271e+01
-8.558094054175235499e+01
-7.958053261832978365e+01
-7.761822708358957357e+01
-7.652195019639047757e+01
-8.175352654833839949e+01
-8.132257918433866450e+01
-8.077372617009764610e+01
-8.139004741315174840e+01
-8.992210765071246215e+01
-8.879555882124081734e+01
-9.080136215045551751e+01
-8.310712996630135763e+01
-8.033639771503895588e+01
-7.889704974353972489e+01
-8.237874101692271722e+01
-8.023349987839026198e+01
-8.218769408886687700e+01
-7.946016060210124010e+01
-8.282978009588721591e+01
-8.620910363202514759e+01
-8.374192630651749880e+01
-8.184828869092142156e+01
-8.774108971686351310e+01
-8.063053289526601475e+01
-7.143653935627604312e+01
-8.206120179610041987e+01
-7.507834066219672309e+01
-8.331140474802124629e+01
-7.666927584465760503e+01
-7.781481788800680022e+01
-8.235478121487524561e+01
-8.371801540521299501e+01
-8.555928586997798391e+01
-8.066584177486433305e+01
-8.832834179199605273e+01
-7.468661678085210553e+01
-8.560176496720326611e+01
-7.936268043105565084e+01
-8.608361023508130927e+01
-7.966695088085340615e+01
-7.867604935270591682e+01
-8.438124552387442634e+01
-8.174471638436376963e+01
-7.565866201732139018e+01
-9.035943210486783528e+01
-8.229212703856070732e+01
-7.966041323567944232e+01
-9.693255719044202579e+01
-8.118647639495473811e+01
-8.044414621651007735e+01
-7.766125998704653455e+01
-8.802312459197619887e+01
-8.280291239603720044e+01
-8.775179400673053465e+01
-8.465200442373013345e+01
-7.090286074213085499e+01
-8.779243073557422861e+01
-9.087360512782852595e+01
-8.397279688975127954e+01
-8.334514454145308093e+01
-8.031527268439826628e+01
-9.379120074736219692e+01
-8.455429182205321581e+01
-8.726258480992247257e+01
-7.466624889756332095e+01
-7.834827404357329783e+01
-9.155825103191553183e+01
-8.539827556548267751e+01
-6.390383715745051063e+01
-8.389739543523145926e+01
-6.695300648415746991e+01
-7.867107623260767468e+01
-7.927104552898347833e+01
-7.664328257831226665e+01
-7.999790571979994525e+01
-8.661700550114689179e+01
-8.485146802771447483e+01
-8.235095321047462846e+01
-8.111850763940904585e+01
-8.622386217661829733e+01
-8.459457192519096225e+01
-7.843275386161315055e+01
-7.916971629899236973e+01
-8.658738744391909847e+01
-8.760250477596612484e+01
-8.056298939028688721e+01
-8.173769201279934293e+01
-7.964396754029981196e+01
-8.459057959018169015e+01
-7.941007749130568527e+01
