-8.097319928939089095e+01
-8.411629599482991182e+01
-8.403090249387653898e+01
-7.616076402869859407e+01
-9.043947779260457764e+01
-7.904237658278736944e+01
-8.913974422308274370e+01
-7.762470501451645077e+01
-8.057507582314222816e+01
-7.128578332457844624e+01
-8.164838649920299929e+01
-7.958085465377020284e+01
-8.497206273388260911e+01
-7.822223423054180103e+01
-8.372178350085816589e+01
-7.975694696584463372e+01
-7.529908968160913219e+01
-8.187755327394539506e+01
-8.857056986747872429e+01
-8.222565018156703331e+01
-7.966402400935531602e+01
-8.127674245815704523e+01
-8.843081753867382133e+01
-7.813742035568247957e+01
-8.755499338262539766e+01
-7.807331538089906076e+01
-8.554813014335829280e+01
-8.697438356192274966e+01
-8.047605473871355741e+01
-9.607076305515296610e+01
-7.356225081332122784e+01
-8.318926198632577496e+01
-7.454334449419211239e+01
-8.436807791759973441e+01
-8.373165678400332013e+01
-8.972296450687420588e+01
-7.467702054863013927e+01
-8.145222015862809428e+01
-8.033105492034118811e+01
-7.470553042386633535e+01
-7.918745522800794845e+01
-8.421197435042904544e+01
-8.084510653227336263e+01
-7.363280482880860234e+01
-7.720245081967243550e+01
-9.227558001350713823e+01
-7.551127052261246320e+01
-8.824426503779339725e+01
-8.252827862871971831e+01
-7.940513811122372090e+01
-7.885502775882015669e+01
-8.408327026253155623e+01
-8.162977236674703363e+01
-8.200939641554469972e+01
-8.421994531049058708e+01
-8.801816616683203165e+01
-8.572328438901436698e+01
-8.501192044010548443e+01
-8.241348352196798999e+01
-9.176482459192745011e+01
-8.222309132742741156e+01
-8.921953540003774208e+01
-8.967726130301278431e+01
-7.495541957294859969e+01
-8.102534012494443516e+01
-9.336075948795212298e+01
-8.233995116161158023e+01
-8.950970977392819350e+01
-7.497603845636105291e+01
-8.756742986403688178e+01
-7.599490891597473308e+01
-8.559608725305245969e+01
-8.334738758610760101e+01
-7.970896237022418518e+01
-8.273552468370901636e+01
-8.528862713848941723e+01
-7.832725201154200079e+01
-7.484560047585368636e+01
-8.139804152987177588e+01
-8.398691267074215716e+01
-8.337561053118629673e+01
-8.318733070792039541e+01
-7.881542980689512490e+01
-8.499805697707525098e+01
-7.919874549833484423e+01
-8.597443515450125062e+01
-8.464463473430443230e+01
-8.898376199366768446e+01
-7.726404913777581385e+01
-8.517965564000905943e+01
-7.896662808549226042e+01
-8.739183541332906202e+01
-8.539534272432392470e+01
-8.938268827822699336e+01
-8.547608404868229570e+01
-8.292487068308334131e+01
-8.549482857069214958e+01
-8.705929673718112838e+01
-8.849969334011653643e+01
-8.419697735560048102e+01
