-8.627605094677936393e+01
-7.363190791290550408e+01
-8.484633652026413131e+01
-7.741191992334830729e+01
-9.463885171592222889e+01
-7.858683435379867888e+01
-9.126247849512972721e+01
-9.167436336676829001e+01
-8.823502933078201238e+01
-8.981099146359588303e+01
-8.414036110541391622e+01
-6.699777204149667398e+01
-8.297420366130278069e+01
-7.977649441175516642e+01
-8.253580641435677023e+01
-8.512080419127063635e+01
-8.304028907232283530e+01
-9.069224494132939185e+01
-6.581219144322689374e+01
-8.568661324438814120e+01
-8.508416861166794831e+01
-7.736323790526273569e+01
-8.288472941963007656e+01
-7.693704055320046109e+01
-8.711065024980577221e+01
-8.781619400660383690e+01
-8.464958257562116728e+01
-7.834721817334211380e+01
-8.458969748829052548e+01
-7.338700903481269222e+01
-9.082296309622437036e+01
-7.920987139893455264e+01
-8.189241913619174795e+01
-8.583028075189031370e+01
-8.561940603211020573e+01
-8.999572430318610827e+01
-7.303576430933300401e+01
-8.716657485845249198e+01
-8.568335507360282577e+01
-9.262504341663958485e+01
-7.868556669947386695e+01
-8.107599276599535187e+01
-7.713583125694577802e+01
-7.342667001355694367e+01
-8.183120445388958331e+01
-7.434397729111213948e+01
-8.282533623333179662e+01
-8.407928232188289996e+01
-8.097029301473340013e+01
-7.853244981661420354e+01
-8.209018451057787047e+01
-8.195139964562602586e+01
-9.203886806100730666e+01
-7.295843152240692575e+01
-8.275553957947241202e+01
-8.406348763706822069e+01
-8.672039348478791965e+01
-7.633995394794052913e+01
-8.079932221269416459e+01
-7.833152886657465785e+01
-5.764516618864988118e+01
-9.133506196469200233e+01
-8.378614329158450857e+01
-8.552678666873489988e+01
-8.455544705728308941e+01
-8.329916039702710862e+01
-8.735526420789497593e+01
-7.002547699634136791e+01
-8.163765095974552821e+01
-8.076654516380727955e+01
-9.040863415223624600e+01
-8.198122311539192708e+01
-7.941010525861393887e+01
-8.071522783355732145e+01
-9.369453639284964197e+01
-8.149600133104800648e+01
-8.467638558460181741e+01
-8.173440765137846142e+01
-8.294189133548060511e+01
-8.134841960074344058e+01
-8.554845299631836042e+01
-7.847920379720673623e+01
-8.784716471017235051e+01
-7.899829891104506885e+01
-8.077993769450984018e+01
-8.263818600565798533e+01
-8.371535636728455643e+01
-7.936529391326487826e+01
-8.117962150260767373e+01
-9.401078954141762267e+01
-8.216841768819828928e+01
-7.515168209234020935e+01
-7.998084666172360357e+01
-9.883547782069959453e+01
-7.692050738815078148e+01
-8.820263936771111446e+01
-8.682480635085225629e+01
-8.014543633252439747e+01
-8.857285461941829396e+01
-8.423339425361990607e+01
