-8.671249226297773305e+01
-8.778891609026355525e+01
-8.436799824884764121e+01
-8.552457067236176158e+01
-8.418269500324447563e+01
-8.559467087456773982e+01
-7.204462003852231078e+01
-7.630541362218336587e+01
-9.231021762913523787e+01
-7.387963242374547690e+01
-8.639259357183922816e+01
-8.081399638820562359e+01
-8.613934522140176853e+01
-8.499841067459880151e+01
-8.579411166072944184e+01
-8.101590315781997731e+01
-8.915359678005749799e+01
-8.801134529654061112e+01
-8.709907851458424943e+01
-7.924504713207299744e+01
-8.104089008930421301e+01
-7.704378756862617195e+01
-8.129098173889677525e+01
-8.665055406864773602e+01
-9.192229579757848512e+01
-7.679922829017232289e+01
-8.038465508042239094e+01
-7.823605635698430660e+01
-9.001529808246087327e+01
-8.532939539753070335e+01
-9.376835908897187721e+01
-7.943947781866037872e+01
-8.883255662711653144e+01
-8.264135962187826578e+01
-9.092678502297239618e+01
-8.785280406384929108e+01
-8.232655160821140328e+01
-8.145789934611316596e+01
-8.725917751742240114e+01
-6.892877844211790261e+01
-6.330053212133553586e+01
-8.784184754341876555e+01
-7.373705167965424323e+01
-9.051949780176062177e+01
-7.544794999392743762e+01
-9.177760743298271962e+01
-7.819698226689888543e+01
-7.958821168996617246e+01
-6.518782525810640038e+01
-8.614680710181750101e+01
-8.847354273726867291e+01
-7.501334627747549177e+01
-9.134046768801790961e+01
-8.220838174057524839e+01
-7.978458348072224737e+01
-8.620511363176069608e+01
-9.430056838193478086e+01
-8.838618596478195855e+01
-8.157957882376769021e+01
-8.885418240466715645e+01
-6.413027964377536705e+01
-8.610764559553453523e+01
-8.616527908137732084e+01
-8.022712923653278949e+01
-8.404641951119872090e+01
-8.764332842790105360e+01
-8.534435685952821871e+01
-8.103733777742479560e+01
-7.943029107132798572e+01
-6.165982913432613799e+01
-8.658586440270791229e+01
-7.885663567041430611e+01
-8.092751664652897148e+01
-8.624379052863380934e+01
-8.066145712210982310e+01
-8.200394835993422760e+01
-8.702707752511740580e+01
-8.496201420073337829e+01
-7.998130969516245159e+01
-8.354511468432437482e+01
-7.857244128972375563e+01
-8.936546587815004727e+01
-8.499553973019075670e+01
-8.200874523731400245e+01
-8.182061194205363108e+01
-7.708359659211616588e+01
-7.357650268990056475e+01
-8.740506022905344707e+01
-7.477483373932091126e+01
-9.111172477721963503e+01
-8.253361712718935905e+01
-7.923820289182104659e+01
-8.125276345204829909e+01
-8.133128925811290344e+01
-9.055340076388526427e+01
-8.458998076363303653e+01
-7.454958174267805759e+01
-9.007166511166133205e+01
-8.346373064268163944e+01
-9.113238012812576017e+01
