1.000000000000000000e+01
1.200000000000000000e+01
1.600000000000000000e+01
2.000000000000000000e+01
2.600000000000000000e+01
3.300000000000000000e+01
4.200000000000000000e+01
5.400000000000000000e+01
6.900000000000000000e+01
8.800000000000000000e+01
1.120000000000000000e+02
1.430000000000000000e+02
1.830000000000000000e+02
2.330000000000000000e+02
2.970000000000000000e+02
3.790000000000000000e+02
4.830000000000000000e+02
6.150000000000000000e+02
7.840000000000000000e+02
1.000000000000000000e+03
