5.778496680694884091e+00	5.585196264519399101e+00	1.000000000000000000e+00
1.916998559289980530e+00	4.127044933364653723e+00	1.000000000000000000e+00
1.301627515837336979e+01	2.147195781361063371e+00	1.000000000000000000e+00
7.754451386095054133e+00	5.743729484915714778e+00	1.000000000000000000e+00
1.643471275801411391e+00	7.550240273296989102e+00	1.000000000000000000e+00
1.170643412708716724e+01	6.061952382659488769e+00	1.000000000000000000e+00
9.638629782415646829e+00	7.043515580917929064e+00	1.000000000000000000e+00
4.470491148127484493e+00	9.498882244201062974e+00	1.000000000000000000e+00
1.198147452309511607e+01	2.638899873090910120e+00	1.000000000000000000e+00
1.161455633675412891e+01	7.203132583109500331e+00	1.000000000000000000e+00
8.423954750760513477e+00	9.815870118526110133e+00	1.000000000000000000e+00
1.067245811200499439e+01	6.552762634153282306e+00	1.000000000000000000e+00
1.264916540901431752e+01	6.713285401965261912e+00	1.000000000000000000e+00
5.321217826136636297e+00	1.128959393790457710e+01	1.000000000000000000e+00
2.100595471367075806e+00	1.844187632835057711e+00	1.000000000000000000e+00
7.846151790302019258e+00	4.602865220421155534e+00	1.000000000000000000e+00
3.893994679589978247e+00	4.285837878292991121e+00	1.000000000000000000e+00
1.103874474164035746e+01	1.988246357556669563e+00	1.000000000000000000e+00
8.696581448328672082e+00	6.393478210518088289e+00	1.000000000000000000e+00
2.860045145985727011e+00	4.776937115350908591e+00	1.000000000000000000e+00
1.283296692667107841e+01	4.430141795789649173e+00	1.000000000000000000e+00
1.058052498435242583e+01	7.693826806654883832e+00	1.000000000000000000e+00
2.677453229641149957e+00	7.058830787342012414e+00	1.000000000000000000e+00
9.062883765861068142e+00	1.829528742797702279e+00	1.000000000000000000e+00
1.152330635778247370e+01	8.344543562299326922e+00	1.000000000000000000e+00
4.077563970979880104e+00	2.004018472992402433e+00	1.000000000000000000e+00
1.274119033563492565e+01	5.571504807821148653e+00	1.000000000000000000e+00
1.048800938183385512e+01	8.836002413940121869e+00	1.000000000000000000e+00
7.004276852622247640e-01	6.900396829514306773e+00	1.000000000000000000e+00
5.962549544955726866e+00	3.302431906021017660e+00	1.000000000000000000e+00
4.836262669822972704e+00	4.935574800611497892e+00	1.000000000000000000e+00
5.113116494001936907e+00	1.513240917039763156e+00	1.000000000000000000e+00
1.000549699582872520e+01	2.480090295373901466e+00	1.000000000000000000e+00
6.720669159209631260e+00	6.234877106203463804e+00	1.000000000000000000e+00
2.008801217585319598e+00	2.985783194574636035e+00	1.000000000000000000e+00
1.620768254026841149e+01	1.731701134487371618e+01	1.000000000000000000e+00
8.604820153523492721e+00	7.534106741923957351e+00	1.000000000000000000e+00
1.459722279916137788e+00	9.832301668038686771e+00	1.000000000000000000e+00
3.436738137157766104e+00	9.990119893961704634e+00	1.000000000000000000e+00
9.546745094189013514e+00	8.184678110136873741e+00	1.000000000000000000e+00
7.389120394882228382e+00	1.030716688850318619e+01	1.000000000000000000e+00
5.019676576424611625e+00	2.654017946795073968e+00	1.000000000000000000e+00
8.513783114559997145e+00	8.675189569586480687e+00	1.000000000000000000e+00
4.379123261404844314e+00	1.063970158290893941e+01	1.000000000000000000e+00
3.985622526122359233e+00	3.145039647210849498e+00	1.000000000000000000e+00
3.802523225662566286e+00	5.426648979961640862e+00	1.000000000000000000e+00
2.312480772308602273e+00	1.162402110696494972e+01	1.000000000000000000e+00
9.730426459947828732e+00	5.902701607471600553e+00	1.000000000000000000e+00
4.744780655107809331e+00	6.076386147270692817e+00	1.000000000000000000e+00
3.135310204511401633e+00	1.353170089372212725e+00	1.000000000000000000e+00
1.207320850129735668e+01	1.496851525156851936e+00	1.000000000000000000e+00
7.662775791632097544e+00	6.884505984079734020e+00	1.000000000000000000e+00
1.550967084381363659e+00	8.690893795026212842e+00	1.000000000000000000e+00
1.076429708314041811e+01	5.411877660204069684e+00	1.000000000000000000e+00
7.571337813170804232e+00	8.025422371597285220e+00	1.000000000000000000e+00
5.412836298004910063e+00	1.014851576882625928e+01	1.000000000000000000e+00
1.292458931442356729e+01	3.288811233172154846e+00	1.000000000000000000e+00
7.480154711473483431e+00	9.166401031409300515e+00	1.000000000000000000e+00
4.287654447446938022e+00	1.178207567103399711e+01	1.000000000000000000e+00
9.822118130449700502e+00	4.761917095590415094e+00	1.000000000000000000e+00
2.768857545002648024e+00	5.917787454842909689e+00	1.000000000000000000e+00
4.170276599999714229e+00	8.622878045776702916e-01	1.000000000000000000e+00
6.812272129632907181e+00	5.094087454122225189e+00	1.000000000000000000e+00
4.653327652356496813e+00	7.217247378459034302e+00	1.000000000000000000e+00
1.825335786953186101e+00	5.268275546344911575e+00	1.000000000000000000e+00
8.971330470056434692e+00	2.971116549947836472e+00	1.000000000000000000e+00
5.686989617025239419e+00	6.726051630153288663e+00	1.000000000000000000e+00
2.494203530536810653e+00	9.340652178661022376e+00	1.000000000000000000e+00
5.870027759252296029e+00	4.444291809445647168e+00	1.000000000000000000e+00
6.629166195700252118e+00	7.375727648366198430e+00	1.000000000000000000e+00
6.355202407199080028e+00	1.079831229003902493e+01	1.000000000000000000e+00
1.085607551708349128e+01	4.271060973174974684e+00	1.000000000000000000e+00
6.537810480091631682e+00	8.516611101375659132e+00	1.000000000000000000e+00
8.332235801296773658e+00	1.095750679580479137e+01	1.000000000000000000e+00
1.189002247735977846e+01	3.780052591711322130e+00	1.000000000000000000e+00
1.734949253783881762e+00	6.409053435517795272e+00	1.000000000000000000e+00
1.520375202211558197e+01	1.676363247355417130e+01	1.000000000000000000e+00
7.937009407815224904e+00	3.460866055230466198e+00	1.000000000000000000e+00
3.711113769729767142e+00	6.567558217093054651e+00	1.000000000000000000e+00
2.951677142113115604e+00	3.635979936529681655e+00	1.000000000000000000e+00
9.913820655083739553e+00	3.621178918016242143e+00	1.000000000000000000e+00
4.561889392048192882e+00	8.358098416100512296e+00	1.000000000000000000e+00
2.403073878563363408e+00	1.048167720256578761e+01	1.000000000000000000e+00
3.043529680147682548e+00	2.494929383232214359e+00	1.000000000000000000e+00
5.595554925501875942e+00	7.866911853555823342e+00	1.000000000000000000e+00
6.262893256133888364e+00	1.194043166074387763e+01	1.000000000000000000e+00
6.903891579591692640e+00	3.953101597812001877e+00	1.000000000000000000e+00
6.446527119772553327e+00	9.657451696446408107e+00	1.000000000000000000e+00
1.368884553849415653e+00	1.097416401253335216e+01	1.000000000000000000e+00
8.879758899661414517e+00	4.111998669914584070e+00	1.000000000000000000e+00
2.585915094913179058e+00	8.199857018650751783e+00	1.000000000000000000e+00
7.297586444950333373e+00	1.144890247241786874e+01	1.000000000000000000e+00
1.179831140794370015e+01	4.921049157594760359e+00	1.000000000000000000e+00
3.619653217083004471e+00	7.708480938181777375e+00	1.000000000000000000e+00
4.927998099317604463e+00	3.794806828968062540e+00	1.000000000000000000e+00
8.788286888398747720e+00	5.252790354410667995e+00	1.000000000000000000e+00
3.528158655093349250e+00	8.849352423478636709e+00	1.000000000000000000e+00
3.345671869718911395e+00	1.113130955517356568e+01	1.000000000000000000e+00
1.094778701530365161e+01	3.130157969021353903e+00	1.000000000000000000e+00
5.504184528038061686e+00	9.007732817704864559e+00	1.000000000000000000e+00
