6.376911193860991034e+00	6.550257995523748988e+00	1.000000000000000000e+00
5.500994879720863651e+00	5.133832035441494135e+00	1.000000000000000000e+00
1.047991821064731610e+01	2.887717438538340176e+00	1.000000000000000000e+00
8.309767733140526857e+00	5.509284380760645305e+00	1.000000000000000000e+00
2.687391746567848294e+00	6.476484887687958825e+00	1.000000000000000000e+00
6.351027006513435325e+00	5.559983807299012426e+00	1.000000000000000000e+00
7.323230519217694301e+00	5.515766952255768629e+00	1.000000000000000000e+00
3.504910043569786193e+00	9.977919148607414357e+00	1.000000000000000000e+00
1.140380679256304042e+01	3.168874658971580605e+00	1.000000000000000000e+00
9.173680966166658735e+00	4.596741081086904934e+00	1.000000000000000000e+00
1.485532335314691466e+01	1.625330222213746723e+01	1.000000000000000000e+00
6.422412356332928063e+00	3.189062492687993355e+00	1.000000000000000000e+00
8.231992447028964932e+00	4.528050032066147423e+00	1.000000000000000000e+00
1.422170847963581863e+01	1.749966324517245297e+01	1.000000000000000000e+00
1.009402810854493815e+01	4.838872064212150548e+00	1.000000000000000000e+00
5.575061009684921132e+00	9.203454991904919780e+00	1.000000000000000000e+00
3.385177612692287230e+00	7.179371120450177557e+00	1.000000000000000000e+00
1.123405579037527602e+01	4.116544254791936197e+00	1.000000000000000000e+00
5.436020784272779238e+00	6.494467246097474167e+00	1.000000000000000000e+00
2.021948879488141948e+00	8.635299209455652658e+00	1.000000000000000000e+00
1.238720576755021163e+01	3.264452065751832777e+00	1.000000000000000000e+00
1.017236671789856572e+01	6.816786441874147506e+00	1.000000000000000000e+00
6.369919142239369059e+00	1.126415044444794944e+01	1.000000000000000000e+00
5.796930296220363488e+00	2.403057904641978215e+00	1.000000000000000000e+00
9.395016548706804471e+00	5.534337257132384558e+00	1.000000000000000000e+00
2.106587685253340059e+00	1.135353325768688748e+01	1.000000000000000000e+00
4.396032662251342593e+00	2.257252425520966277e+00	1.000000000000000000e+00
9.494878414945901568e+00	2.691393227018461065e+00	1.000000000000000000e+00
1.561789630144280494e+01	1.742520962781710736e+01	1.000000000000000000e+00
7.873172096421055421e+00	1.823726077089317554e+00	1.000000000000000000e+00
6.245585277948329406e+00	8.470995872108495917e+00	1.000000000000000000e+00
1.993308255149730313e+00	5.772185506635840291e+00	1.000000000000000000e+00
5.506465627492952208e+00	7.815156462130973480e+00	1.000000000000000000e+00
7.365089740971191290e+00	6.516396207776723237e+00	1.000000000000000000e+00
4.774829213847554321e+00	7.176315250168532778e+00	1.000000000000000000e+00
1.035527876414480808e+01	5.300484108087807344e-01	1.000000000000000000e+00
7.377179031558107170e+00	7.493414999988061709e+00	1.000000000000000000e+00
4.170317508725629452e+00	9.262986780132674625e+00	1.000000000000000000e+00
5.019404904435186054e+00	3.029787526183005397e+00	1.000000000000000000e+00
8.335961699685704218e+00	6.511184841900769626e+00	1.000000000000000000e+00
4.957958487808765469e+00	1.131234869162949330e+01	1.000000000000000000e+00
4.791711881999260569e+00	5.782836547966883067e+00	1.000000000000000000e+00
1.028011945956948736e+01	3.866401651774903137e+00	1.000000000000000000e+00
1.989606650729640602e+00	7.199603962854481232e+00	1.000000000000000000e+00
2.707279435060942596e+00	5.050405843987136656e+00	1.000000000000000000e+00
4.838900553278395300e+00	8.542833269138423447e+00	1.000000000000000000e+00
4.112323884909822702e+00	5.065023921256512018e+00	1.000000000000000000e+00
9.314059006002594288e+00	3.648140878337900350e+00	1.000000000000000000e+00
7.050862246457158200e+00	1.052124352546916697e+01	1.000000000000000000e+00
4.074826429820026519e+00	6.471278914396258131e+00	1.000000000000000000e+00
1.164829397864878047e+01	9.197291843843772297e-01	1.000000000000000000e+00
1.081923434682304830e+01	7.531768050563797168e+00	1.000000000000000000e+00
2.701100328851332666e+00	7.898318418685943421e+00	1.000000000000000000e+00
1.189350246789879151e+01	2.363223759647804290e+00	1.000000000000000000e+00
1.074162867146837108e+01	6.044877616859679392e+00	1.000000000000000000e+00
2.820125433147538718e+00	1.067812917662791250e+01	1.000000000000000000e+00
7.332421143473197844e+00	3.509773152637917892e+00	1.000000000000000000e+00
9.394227524281905772e+00	7.445116383391008341e+00	1.000000000000000000e+00
3.534723259579281684e+00	1.136011737807051425e+01	1.000000000000000000e+00
1.219572350007231343e+01	4.293292180683264903e+00	1.000000000000000000e+00
7.732104591791120640e+00	9.782847035624822496e+00	1.000000000000000000e+00
1.601579472472212773e+00	1.001365645855563358e+01	1.000000000000000000e+00
7.185679583501241474e+00	2.545848684152623775e+00	1.000000000000000000e+00
6.975327778690490810e+00	9.108369382673970449e+00	1.000000000000000000e+00
6.316183593469878232e+00	9.860489999464553179e+00	1.000000000000000000e+00
7.256652695609212778e+00	4.487142659842450421e+00	1.000000000000000000e+00
9.293509717081626320e+00	6.480004810628775758e+00	1.000000000000000000e+00
2.767222462927339866e+00	9.301667496473621455e+00	1.000000000000000000e+00
1.268683560161672830e+01	1.831126814658780466e+00	1.000000000000000000e+00
1.102541493666748096e+01	5.088661018252313539e+00	1.000000000000000000e+00
2.820259192220546218e+00	1.206524538515546041e+01	1.000000000000000000e+00
6.288938235246276598e+00	4.549007229203333225e+00	1.000000000000000000e+00
1.199126099019659719e+01	5.288728139348480184e+00	1.000000000000000000e+00
4.862616963968831030e+00	4.399180101245885766e+00	1.000000000000000000e+00
4.223121504080761035e+00	3.653622274059823205e+00	1.000000000000000000e+00
8.380379838301037054e+00	7.574759328346975629e+00	1.000000000000000000e+00
4.755688334047927235e+00	1.224276598357914025e+01	1.000000000000000000e+00
1.316049791449392359e+01	4.464605724145782162e+00	1.000000000000000000e+00
6.422151529408512971e+00	7.527848796782655505e+00	1.000000000000000000e+00
4.099762096132661959e+00	7.873450418768996428e+00	1.000000000000000000e+00
3.392438449747315676e+00	5.760685150403338284e+00	1.000000000000000000e+00
9.047739011377975871e+00	8.356333368762244973e+00	1.000000000000000000e+00
4.901440969515983070e+00	9.933768608666316169e+00	1.000000000000000000e+00
8.307524828120481430e+00	3.515114343705229238e+00	1.000000000000000000e+00
1.297826440380549684e+01	5.450840668921943077e+00	1.000000000000000000e+00
4.226616876504148301e+00	1.068052353666560528e+01	1.000000000000000000e+00
8.508568027630497355e+00	2.564577465975918624e+00	1.000000000000000000e+00
1.003881783876151701e+01	8.197639233781481849e+00	1.000000000000000000e+00
3.799787532609126384e+00	1.227538555678519394e+01	1.000000000000000000e+00
1.116537506087736631e+01	1.746522612430715160e+00	1.000000000000000000e+00
8.446800837710950915e+00	1.046493594592345389e+01	1.000000000000000000e+00
3.448445933704214372e+00	4.338290130959361335e+00	1.000000000000000000e+00
1.022619534731354385e+01	1.502208843626473334e+00	1.000000000000000000e+00
8.351662569082135334e+00	9.033312832075928611e+00	1.000000000000000000e+00
3.431135408035476342e+00	8.583232038130406139e+00	1.000000000000000000e+00
9.214696782824843169e+00	1.347588158045502693e+00	1.000000000000000000e+00
7.635961760936356590e+00	8.394559499128579461e+00	1.000000000000000000e+00
5.640337360662103450e+00	1.059305703530153409e+01	1.000000000000000000e+00
5.654129371143366889e+00	3.790739811154624217e+00	1.000000000000000000e+00
9.256869553204737144e+00	9.362033961030062912e+00	1.000000000000000000e+00
