4.733511119347658891e+00	6.905540741376151814e+00	1.000000000000000000e+00
2.012829670308696528e+00	4.374357105060232342e+00	1.000000000000000000e+00
3.864300652673252845e+00	2.829603039147711829e+00	1.000000000000000000e+00
6.540799714815091370e+00	5.424440359421832447e+00	1.000000000000000000e+00
2.778460777334315956e+00	7.473009290248669778e+00	1.000000000000000000e+00
6.141709057690713180e+00	2.849755665618757483e+00	1.000000000000000000e+00
7.405901631147727038e+00	5.902842171288575024e+00	1.000000000000000000e+00
4.259151393398752816e+00	9.133824479001500407e+00	1.000000000000000000e+00
4.336389044693993000e+00	1.496912821627084833e+00	1.000000000000000000e+00
8.746075068087865390e+00	5.552411225471878709e+00	1.000000000000000000e+00
1.366661789722758646e+00	9.940910297465430645e+00	1.000000000000000000e+00
4.776818677553010595e+00	2.390731330052314085e+00	1.000000000000000000e+00
1.110225790551458758e+01	3.470112608476982441e+00	1.000000000000000000e+00
4.755508449692911199e+00	1.106502645155190478e+01	1.000000000000000000e+00
4.325360678630739919e+00	5.453182360744875723e+00	1.000000000000000000e+00
2.471499229944252640e+00	5.189712537201486953e+00	1.000000000000000000e+00
1.772073235408825775e+00	5.861076480165315239e+00	1.000000000000000000e+00
7.004380243777777793e+00	1.493778187180262229e+00	1.000000000000000000e+00
5.198472928369963775e+00	5.954928489089964749e+00	1.000000000000000000e+00
2.432644045388781429e+00	6.597341710433307860e+00	1.000000000000000000e+00
5.211109016726738652e+00	3.268580740125232253e+00	1.000000000000000000e+00
7.807549503283769177e+00	7.209764196110170609e+00	1.000000000000000000e+00
1.088326534964888515e+00	8.988767760354564373e+00	1.000000000000000000e+00
4.784404502604340692e+00	4.602574703909618314e+00	1.000000000000000000e+00
1.058532011544970608e+01	5.900665469846406275e+00	1.000000000000000000e+00
4.510478829840018911e+00	1.009192148784018705e+01	1.000000000000000000e+00
5.656891934087840745e+00	5.079396375111337569e+00	1.000000000000000000e+00
9.689131913517559980e+00	7.000874240582302122e+00	1.000000000000000000e+00
2.551438432853096572e+00	1.200112370185602018e+01	1.000000000000000000e+00
4.319821768781300086e+00	3.733188792309402704e+00	1.000000000000000000e+00
3.086462829418878506e+00	5.950179811867034374e+00	1.000000000000000000e+00
3.424355778678517925e+00	5.056522367780323712e+00	1.000000000000000000e+00
6.516375195266124187e+00	3.771012031835465184e+00	1.000000000000000000e+00
6.068474420313190620e+00	6.389428344590384334e+00	1.000000000000000000e+00
1.497375430241410399e+00	6.792313153094907463e+00	1.000000000000000000e+00
7.679712386457167916e+00	1.864935575258788703e+01	1.000000000000000000e+00
6.943165230722251557e+00	6.788344556097722915e+00	1.000000000000000000e+00
3.287673713122652330e+00	9.389924765364176196e+00	1.000000000000000000e+00
5.675322114907488391e+00	1.951209185462639661e+00	1.000000000000000000e+00
9.514464477363958395e+00	5.028013569872658906e+00	1.000000000000000000e+00
3.549594197500923531e+00	1.035085980985637022e+01	1.000000000000000000e+00
5.650240349972125209e+00	4.144987550422455591e+00	1.000000000000000000e+00
1.156528216676565179e+01	5.815734430859440529e+00	1.000000000000000000e+00
5.717716205298616572e+00	1.082325040753429057e+01	1.000000000000000000e+00
7.021869441823070268e+00	4.590436189268106482e+00	1.000000000000000000e+00
4.008840840378951498e+00	8.182910796982259427e+00	1.000000000000000000e+00
9.806651537774491167e-01	5.341592843675012858e+00	1.000000000000000000e+00
7.936470577046041086e+00	5.028893194824538782e+00	1.000000000000000000e+00
6.511040468787506974e+00	7.752783093934581871e+00	1.000000000000000000e+00
3.012671572422469524e+00	8.438104914770454101e+00	1.000000000000000000e+00
6.993154393855638418e+00	2.436557184242730489e+00	1.000000000000000000e+00
7.462384533010524734e+00	8.080047810381078222e+00	1.000000000000000000e+00
1.742915879392926026e+00	7.745079513136055915e+00	1.000000000000000000e+00
8.349011322455789141e+00	4.157068576052748377e+00	1.000000000000000000e+00
9.906942208691013718e+00	8.017726765289909352e+00	1.000000000000000000e+00
2.049635797571760065e+00	8.696427511347613049e+00	1.000000000000000000e+00
7.463953906675386385e+00	3.708931543790050966e+00	1.000000000000000000e+00
1.110064098786884657e+01	7.183862203333021057e+00	1.000000000000000000e+00
2.593268481097437572e+00	1.061037408689284867e+01	1.000000000000000000e+00
8.755116490083471703e+00	3.273971626137397450e+00	1.000000000000000000e+00
6.427550160370274490e+00	9.631783764494562305e+00	1.000000000000000000e+00
3.474113991397075996e+00	4.145010943466957976e+00	1.000000000000000000e+00
9.716860063853989260e+00	3.199363132011914690e+00	1.000000000000000000e+00
5.663699577557315123e+00	7.297121862219813515e+00	1.000000000000000000e+00
5.516365417094560852e-01	6.679265323614296257e+00	1.000000000000000000e+00
7.857484622540988006e+00	2.816304288252324373e+00	1.000000000000000000e+00
8.757621921382302332e+00	7.214536949462129201e+00	1.000000000000000000e+00
2.322622785391030842e+00	9.657457165141053679e+00	1.000000000000000000e+00
9.173725367368691153e+00	2.398085887971744157e+00	1.000000000000000000e+00
9.611272974762638199e+00	6.024459291316848208e+00	1.000000000000000000e+00
4.085101448349160447e-01	1.022428764749548868e+01	1.000000000000000000e+00
8.335263699179684238e+00	1.921590827770412790e+00	1.000000000000000000e+00
1.123561015290607656e+01	8.565736042231392844e+00	1.000000000000000000e+00
1.644954735951432712e+00	1.090511723465541394e+01	1.000000000000000000e+00
9.298312365083141628e+00	4.102301446907662630e+00	1.000000000000000000e+00
5.252786027623844056e+00	8.849173782498233720e+00	1.000000000000000000e+00
2.675919533574594222e+00	3.667213600422221553e+00	1.000000000000000000e+00
9.368567759212208301e+00	9.837113765609647453e-01	1.000000000000000000e+00
6.209621302969101642e+00	8.664378679050004806e+00	1.000000000000000000e+00
3.721016571050876465e+00	7.266189048792302430e+00	1.000000000000000000e+00
9.932287137710931191e+00	1.801432448146723209e+00	1.000000000000000000e+00
8.854669754930824865e+00	8.184347978076582208e+00	1.000000000000000000e+00
7.969133271554341702e-01	8.040161167776927797e+00	1.000000000000000000e+00
1.049603780853899515e+01	4.904277108070697722e+00	1.000000000000000000e+00
8.287201787214589999e+00	6.381171990946434391e+00	1.000000000000000000e+00
3.793853295895518674e+00	1.132058304374603352e+01	1.000000000000000000e+00
1.027793548032637183e+01	3.973627295239526180e+00	1.000000000000000000e+00
1.213927950205530415e+01	8.169468805609433559e+00	1.000000000000000000e+00
5.004648175504870622e+00	1.203667800525433407e+01	1.000000000000000000e+00
1.053545759619117561e+01	2.622402821391259131e+00	1.000000000000000000e+00
5.464094244320976124e+00	9.846256310142553758e+00	1.000000000000000000e+00
3.924815544948577539e+00	6.356661047419105870e+00	1.000000000000000000e+00
1.133930984807085629e+01	2.057136125995275400e+00	1.000000000000000000e+00
7.634621220514532958e+00	9.014482489634030316e+00	1.000000000000000000e+00
1.249185524452465756e+01	6.835737781176228545e+00	1.000000000000000000e+00
1.147376176447130369e+01	4.806861352882926930e+00	1.000000000000000000e+00
9.011257753192857933e+00	9.156954176285410085e+00	1.000000000000000000e+00
4.964425460875076190e+00	7.926065554377576206e+00	1.000000000000000000e+00
1.241365629206593546e+01	2.968430010611058378e+00	1.000000000000000000e+00
9.979762644451207976e+00	9.026645300693669327e+00	1.000000000000000000e+00
