4.068746495252025142e+00	4.267531922687534340e+00	1.000000000000000000e+00
1.654818330486910183e+00	6.817024618706909678e+00	1.000000000000000000e+00
5.516163963453884378e+00	1.574493407286907232e+00	1.000000000000000000e+00
5.807796714358875789e+00	5.565842504188878159e+00	1.000000000000000000e+00
1.495102955112629362e+00	7.817378147271399236e+00	1.000000000000000000e+00
4.409197622458258969e+00	2.348398879928921712e+00	1.000000000000000000e+00
6.930518938873389878e+00	4.777648050025631754e+00	1.000000000000000000e+00
1.966188925904338802e+00	8.708186959006836148e+00	1.000000000000000000e+00
3.300856246874073641e+00	3.111079384618309795e+00	1.000000000000000000e+00
8.826075004506799715e+00	5.147829767958865155e+00	1.000000000000000000e+00
2.079404482602193571e+00	1.081304152480360514e+01	1.000000000000000000e+00
4.252665947787808598e+00	3.318886046263631151e+00	1.000000000000000000e+00
1.093874653267756614e+01	4.571071861294448091e+00	1.000000000000000000e+00
2.190607708490012406e+00	1.265654111688451700e+01	1.000000000000000000e+00
6.597115689646743775e+00	7.774556442189013428e-01	1.000000000000000000e+00
4.693776770090253514e+00	6.348211043200569392e+00	1.000000000000000000e+00
3.740065470794925684e+00	6.174986984081348496e+00	1.000000000000000000e+00
5.369178727729755352e+00	2.541482301569589097e+00	1.000000000000000000e+00
5.645559526579375209e+00	6.524438602971045498e+00	1.000000000000000000e+00
2.472231898032871023e+00	7.905934112166229433e+00	1.000000000000000000e+00
5.025602996175986270e+00	4.441938834543005754e+00	1.000000000000000000e+00
6.757402645677390574e+00	5.736888739279136118e+00	1.000000000000000000e+00
7.244880214004911778e-01	1.043974967282971633e+01	1.000000000000000000e+00
7.768258812892199217e+00	1.853439277258977780e-01	1.000000000000000000e+00
9.777110500788309011e+00	5.318133654372795505e+00	1.000000000000000000e+00
1.435729138700571506e+00	1.151441719119845075e+01	1.000000000000000000e+00
5.200988721859010511e+00	3.490869165916974382e+00	1.000000000000000000e+00
1.197173727302390489e+01	5.452156735595521830e+00	1.000000000000000000e+00
2.434100469230318975e+00	1.171391254197317799e+01	1.000000000000000000e+00
6.157787106668441091e+00	3.658091683662836768e+00	1.000000000000000000e+00
4.854723567807677220e+00	5.393805049872616664e+00	1.000000000000000000e+00
2.786630305293258836e+00	6.017423308188220687e+00	1.000000000000000000e+00
6.483286293750456508e+00	1.760446801570957787e+00	1.000000000000000000e+00
6.439928037593436017e+00	7.651065187441498772e+00	1.000000000000000000e+00
3.410222259819477575e+00	8.076741270203070755e+00	1.000000000000000000e+00
7.111273090203615865e+00	3.813502018918897285e+00	1.000000000000000000e+00
7.698632213755447928e+00	5.914888114455450818e+00	1.000000000000000000e+00
3.230533772988219088e+00	9.021790197059074146e+00	1.000000000000000000e+00
6.319561200612672458e+00	2.710424844018722634e+00	1.000000000000000000e+00
9.605175677365942022e+00	6.253691303094567111e+00	1.000000000000000000e+00
1.587925527140306103e+00	1.000493699132827530e+01	1.000000000000000000e+00
5.979932092452176384e+00	4.610460883801534848e+00	1.000000000000000000e+00
1.071562376091221758e+01	5.541285472762805142e+00	1.000000000000000000e+00
1.235333056206395996e+00	1.247188916532759428e+01	1.000000000000000000e+00
8.057650339483785729e+00	4.011402877656606414e+00	1.000000000000000000e+00
4.533073055727667722e+00	7.301486611294346396e+00	1.000000000000000000e+00
2.936337724359037171e+00	5.053868183842688211e+00	1.000000000000000000e+00
8.247141952215960359e+00	3.068843189581781150e+00	1.000000000000000000e+00
5.486604614329939622e+00	7.485558178474094326e+00	1.000000000000000000e+00
3.577249767977723316e+00	7.126317252477889497e+00	1.000000000000000000e+00
9.091488603410008196e+00	1.427720375110713480e+00	1.000000000000000000e+00
7.566929422711683451e+00	6.885738268378138294e+00	1.000000000000000000e+00
3.914481491045666672e+00	1.012734631048153133e+01	1.000000000000000000e+00
7.296979576965723524e+00	2.830218620804725305e+00	1.000000000000000000e+00
1.036668480616353527e+01	6.829638871851331672e+00	1.000000000000000000e+00
1.650665551817093757e+01	1.140835585925250228e+01	1.000000000000000000e+00
7.726938252102899973e+00	1.508701555521706039e+00	1.000000000000000000e+00
1.137830751786504280e+01	6.667896473563821758e+00	1.000000000000000000e+00
3.470562584472872913e+00	1.259164240730454054e+01	1.000000000000000000e+00
6.598587319297288367e+00	6.690438967492902123e+00	1.000000000000000000e+00
5.319155635668783688e+00	8.445706126954735993e+00	1.000000000000000000e+00
3.897765422736141350e+00	5.220164009187174159e+00	1.000000000000000000e+00
7.877410723156815564e+00	4.961014950966609049e+00	1.000000000000000000e+00
6.278606593343776687e+00	8.634748509312435871e+00	1.000000000000000000e+00
1.099469787050501912e+00	9.141957210081097074e+00	1.000000000000000000e+00
9.429489552921465290e+00	2.334144864562692323e+00	1.000000000000000000e+00
8.991560363099626585e+00	6.978996440794010603e+00	1.000000000000000000e+00
4.173266512465876765e+00	9.189993560413654450e+00	1.000000000000000000e+00
8.453946987746631336e+00	2.137269724249147629e+00	1.000000000000000000e+00
8.636036214851900539e+00	6.097808382481858303e+00	1.000000000000000000e+00
3.331922393171360408e+00	1.129557609553172703e+01	1.000000000000000000e+00
8.697031310505030532e+00	5.653000137316936957e-01	1.000000000000000000e+00
1.099417666987848285e+01	7.951483306079652813e+00	1.000000000000000000e+00
1.525929305038064010e+00	1.377645106935045227e+01	1.000000000000000000e+00
9.014347072030783892e+00	4.205969082263534276e+00	1.000000000000000000e+00
6.058843874471053326e+00	9.601793820428378368e+00	1.000000000000000000e+00
1.829458224631729912e+00	5.831527533153992415e+00	1.000000000000000000e+00
1.015115328784476390e+01	3.435525489957701240e+00	1.000000000000000000e+00
7.560824154606177849e+00	8.238444833865417039e+00	1.000000000000000000e+00
2.613525046168189814e+00	6.961852463795437984e+00	1.000000000000000000e+00
1.000841579592431962e+01	1.113399103627386255e+00	1.000000000000000000e+00
8.265139731803428091e+00	7.564130080505483633e+00	1.000000000000000000e+00
2.436611820987029997e+00	9.547594539312852291e+00	1.000000000000000000e+00
9.979590567003446822e+00	4.380870352659222533e+00	1.000000000000000000e+00
9.688325452125409853e+00	7.639906979206406490e+00	1.000000000000000000e+00
4.443135991710284172e-01	1.140685537912055025e+01	1.000000000000000000e+00
9.192705993124210551e+00	3.268067260130729679e+00	1.000000000000000000e+00
1.102856943318051997e+01	9.272263620845109244e+00	1.000000000000000000e+00
2.860332688300722292e+00	1.377795089813137963e+01	1.000000000000000000e+00
1.111411130287168447e+01	3.576503403902053346e+00	1.000000000000000000e+00
5.107486291894131725e+00	9.406120870143599433e+00	1.000000000000000000e+00
3.116450460938691602e+00	4.084671932046799014e+00	1.000000000000000000e+00
1.072041538293142082e+01	2.268982751697694589e+00	1.000000000000000000e+00
7.331113202196726242e+00	9.498429067391365166e+00	1.000000000000000000e+00
4.365182160174494008e+00	8.249566187837906739e+00	1.000000000000000000e+00
1.129742306543672115e+01	1.444821805623245803e+00	1.000000000000000000e+00
8.906738174565221655e+00	8.314494008302482086e+00	1.000000000000000000e+00
2.943834978474342723e+00	1.037691337705602734e+01	1.000000000000000000e+00
1.199287338788200330e+01	2.581420056158904686e+00	1.000000000000000000e+00
1.008215834201840799e+01	8.904440046471869152e+00	1.000000000000000000e+00
