3.590154370547508744e+00	4.778655483009593752e+00	1.000000000000000000e+00
3.778038372084875807e+00	6.153687462586971968e+00	1.000000000000000000e+00
5.734423111810986740e+00	5.201650076792452282e+00	1.000000000000000000e+00
3.410544252283552513e+00	3.407273982276109336e+00	1.000000000000000000e+00
2.787863137838228589e+00	8.233261662577534779e+00	1.000000000000000000e+00
6.578268904452243326e+00	2.790561269064610883e+00	1.000000000000000000e+00
6.507441926635135765e+00	5.800545775922881120e+00	1.000000000000000000e+00
4.260896804593824250e+00	1.025228278474157584e+01	1.000000000000000000e+00
4.746199956096971206e+00	3.213565491530952833e+00	1.000000000000000000e+00
9.846647408707443816e+00	4.697565466437051640e+00	1.000000000000000000e+00
5.065194945799404991e+00	1.080402153663778897e+01	1.000000000000000000e+00
5.375199045691418043e+00	1.955995750462750093e+00	1.000000000000000000e+00
1.002340824007925590e+01	6.066064353564846634e+00	1.000000000000000000e+00
6.070225298865350894e+00	1.087543609878450646e+01	1.000000000000000000e+00
5.652670016870495751e+00	2.871834190972170298e+00	1.000000000000000000e+00
5.139333417529685200e+00	5.971379890603290441e+00	1.000000000000000000e+00
2.223612170889807338e+00	4.987624700881837292e+00	1.000000000000000000e+00
6.924324324002535391e+00	3.678462278993415158e+00	1.000000000000000000e+00
4.368623099874426430e+00	5.373731413216255248e+00	1.000000000000000000e+00
2.435517415688134957e+00	6.328250042801634834e+00	1.000000000000000000e+00
6.282948749725403736e+00	1.564509911109575491e+00	1.000000000000000000e+00
6.331686031983998930e+00	4.436186856254741961e+00	1.000000000000000000e+00
1.626957651031276209e+00	9.036369543660413228e+00	1.000000000000000000e+00
7.544156687025894037e+00	2.922969511929158326e+00	1.000000000000000000e+00
9.250828020653914407e+00	5.467506357763626923e+00	1.000000000000000000e+00
3.307028400082894670e+00	1.038004279732711232e+01	1.000000000000000000e+00
4.185999246498443682e+00	4.014000342493644347e+00	1.000000000000000000e+00
9.419932394424870736e+00	6.845980967620770130e+00	1.000000000000000000e+00
4.445102856629511656e+00	1.368293409682484629e+01	1.000000000000000000e+00
5.568762618021933619e+00	3.828388110565276836e+00	1.000000000000000000e+00
3.950970952599323294e+00	7.519010429527681616e+00	1.000000000000000000e+00
3.012391785278929035e+00	5.556203444832839011e+00	1.000000000000000000e+00
6.804362789189884353e+00	7.127619514770389131e-01	1.000000000000000000e+00
5.312216490537089442e+00	7.340694067646337473e+00	1.000000000000000000e+00
3.185940319265446075e+00	6.943083064141192473e+00	1.000000000000000000e+00
7.145683153607654603e+00	2.017395746456565941e+00	1.000000000000000000e+00
7.107738454261339989e+00	5.034473253955203731e+00	1.000000000000000000e+00
2.368874911429586394e+00	1.016350030040961272e+01	1.000000000000000000e+00
8.316086694230365950e+00	3.499496836169668335e+00	1.000000000000000000e+00
7.278732028152154143e+00	6.399211496319431980e+00	1.000000000000000000e+00
2.148257350224296758e+00	1.112727622193452959e+01	1.000000000000000000e+00
4.964835004416761954e+00	4.597143188421553006e+00	1.000000000000000000e+00
8.651242521078966519e+00	6.236705613901674106e+00	1.000000000000000000e+00
5.028060538420917602e+00	1.178100882001037952e+01	1.000000000000000000e+00
7.672822978138549743e+00	1.206528718680300205e+00	1.000000000000000000e+00
4.546250650004656890e+00	6.745358232053565217e+00	1.000000000000000000e+00
1.439158655236400630e+00	4.405385686991126981e+00	1.000000000000000000e+00
7.708643777431908539e+00	4.267320520710900844e+00	1.000000000000000000e+00
6.081418299417398643e+00	7.934206536046824354e+00	1.000000000000000000e+00
6.546851160634561406e-01	8.880781733855117821e+00	1.000000000000000000e+00
8.670786275176945779e+00	1.366930967073796133e+00	1.000000000000000000e+00
6.679771164964726005e+00	7.167192408361485967e+00	1.000000000000000000e+00
3.780228814740229648e+00	8.488355790830356185e+00	1.000000000000000000e+00
8.482134157409582542e+00	4.863915761980928565e+00	1.000000000000000000e+00
5.909662899922329515e+00	6.569395153422695088e+00	1.000000000000000000e+00
4.061217435268778431e+00	1.155395439727440454e+01	1.000000000000000000e+00
1.043011024297723566e+01	3.926886364823018116e+00	1.000000000000000000e+00
8.803532550617227059e+00	7.608874035158179616e+00	1.000000000000000000e+00
3.831491082905853940e+00	1.250081777950461159e+01	1.000000000000000000e+00
9.083130616191187556e+00	4.089494861330404518e+00	1.000000000000000000e+00
4.824177450343239748e+00	9.430773273302413884e+00	1.000000000000000000e+00
1.647603452863868778e+00	5.774994511193821900e+00	1.000000000000000000e+00
9.579682689717515132e+00	3.974966936109327054e-01	1.000000000000000000e+00
4.711017560772556401e+00	8.114313085810712423e+00	1.000000000000000000e+00
8.257154665155354012e-01	7.904923160138055849e+00	1.000000000000000000e+00
8.108640229884732875e+00	2.141586846695160418e+00	1.000000000000000000e+00
7.603453942953572131e+00	9.140935741731867736e+00	1.000000000000000000e+00
1.797437990841224575e+00	8.091246472495164710e+00	1.000000000000000000e+00
9.683766790993050932e+00	3.309063150759783412e+00	1.000000000000000000e+00
8.210583451195173410e+00	8.379235821514148697e+00	1.000000000000000000e+00
3.121086124031978937e+00	1.131931492631901293e+01	1.000000000000000000e+00
9.633618407664098271e+00	1.403644970510574908e+00	1.000000000000000000e+00
8.045123968932040626e+00	7.001324111331150846e+00	1.000000000000000000e+00
2.868133515598910943e+00	1.226933479634738333e+01	1.000000000000000000e+00
7.881118433806527435e+00	5.632917817499117241e+00	1.000000000000000000e+00
5.610812955340246155e+00	1.001419804063208652e+01	1.000000000000000000e+00
8.488940354924440213e-01	5.219289294698242543e+00	1.000000000000000000e+00
1.062789259971854250e+01	5.284999043460437917e+00	1.000000000000000000e+00
6.844366800654719363e+00	8.537464180896412458e+00	1.000000000000000000e+00
1.084921274319960993e+00	6.587569947359792621e+00	1.000000000000000000e+00
9.786894237639115701e+00	2.346985115900567909e+00	1.000000000000000000e+00
8.357461882421224786e+00	9.763854468181319746e+00	1.000000000000000000e+00
2.585331734890273125e+00	9.205197383850455495e+00	1.000000000000000000e+00
1.073362329340903898e+01	2.220736535946838508e+00	1.000000000000000000e+00
7.445675573461868701e+00	7.770677766380055473e+00	1.000000000000000000e+00
1.406019096020947767e+00	9.994239529880607265e+00	1.000000000000000000e+00
1.061204582537736130e+01	1.240307312764150849e+00	1.000000000000000000e+00
9.587867435573350861e+00	8.196554434822898472e+00	1.000000000000000000e+00
4.789884262833630224e+00	1.273747916938621572e+01	1.000000000000000000e+00
8.895371358619087232e+00	2.704356827140859121e+00	1.000000000000000000e+00
5.481565553447258488e+00	8.697796204958958555e+00	1.000000000000000000e+00
2.800968157046902718e+00	4.191387748959563453e+00	1.000000000000000000e+00
1.171164742965661532e+01	2.006865212043528413e+00	1.000000000000000000e+00
6.244628142516881475e+00	9.302660932334603672e+00	1.000000000000000000e+00
1.907361302866755981e+00	7.135560732901686798e+00	1.000000000000000000e+00
1.100673834923795269e+01	3.146354305084941849e+00	1.000000000000000000e+00
6.999495862772845634e+00	9.924978599024989023e+00	1.000000000000000000e+00
3.533144343597569126e+00	9.429946214287593165e+00	1.000000000000000000e+00
1.122792177056838092e+01	4.492434958883542606e+00	1.000000000000000000e+00
8.977162082371586749e+00	8.983199508691178892e+00	1.000000000000000000e+00
