5.249094598961209890e+00	5.787675236102638898e+00	1.000000000000000000e+00
1.140963928894090040e+00	9.942295583435395656e+00	1.000000000000000000e+00
8.403803623552029478e+00	3.625024126058970619e+00	1.000000000000000000e+00
5.347641507047196541e+00	7.058821218160808542e+00	1.000000000000000000e+00
1.897328259288465269e+00	5.408311020157176685e+00	1.000000000000000000e+00
2.849962571918018828e+00	3.415833782692283549e+00	1.000000000000000000e+00
8.600861695838329268e+00	6.167335611890431224e+00	1.000000000000000000e+00
2.291322695088461092e+00	1.049258360632824782e+01	1.000000000000000000e+00
4.197602150642760321e+00	6.508573559405146369e+00	1.000000000000000000e+00
9.652424270925239469e+00	5.446429066989901813e+00	1.000000000000000000e+00
5.643244647829990690e+00	1.087214311074450279e+01	1.000000000000000000e+00
5.150529813508080146e+00	4.516525064238002152e+00	1.000000000000000000e+00
1.070401497682934000e+01	4.725530028078522626e+00	1.000000000000000000e+00
2.389956258723121785e+00	1.176376133173049787e+01	1.000000000000000000e+00
1.060534669487579684e+01	3.454339893605566925e+00	1.000000000000000000e+00
4.296086454738396121e+00	7.779703937081242415e+00	1.000000000000000000e+00
7.253927462481564170e+00	3.074414684117272145e+00	1.000000000000000000e+00
4.953454457865061222e+00	1.973897374384715908e+00	1.000000000000000000e+00
5.446137429415857767e+00	8.329938173887510899e+00	1.000000000000000000e+00
7.467487583658519723e-01	4.858975762931562414e+00	1.000000000000000000e+00
1.175551219854287588e+01	4.004650413697508071e+00	1.000000000000000000e+00
8.699387520890830672e+00	7.438498006741992796e+00	1.000000000000000000e+00
1.338618733628406110e+00	1.248522647304649702e+01	1.000000000000000000e+00
1.395715536154938974e+01	3.833762002368537036e+00	1.000000000000000000e+00
1.080254937516479963e+01	5.996628785825897978e+00	1.000000000000000000e+00
3.539876612216672047e+00	1.231439751928180293e+01	1.000000000000000000e+00
1.050699772312163560e+01	2.182734531787049903e+00	1.000000000000000000e+00
1.185418204946789622e+01	5.275777795517780255e+00	1.000000000000000000e+00
3.047575228789562107e+00	5.958325519087729560e+00	1.000000000000000000e+00
8.502324746648495690e+00	4.896218794210937197e+00	1.000000000000000000e+00
5.544699653714790344e+00	9.601053492010812818e+00	1.000000000000000000e+00
3.441538988563927592e+00	1.104286975476694721e+01	1.000000000000000000e+00
1.385838941593991436e+01	2.562511091346223235e+00	1.000000000000000000e+00
6.497742513929337882e+00	7.609073987317417576e+00	1.000000000000000000e+00
2.094373020323377688e+00	7.950284424512661374e+00	1.000000000000000000e+00
6.399202550672652201e+00	6.337963268139740869e+00	1.000000000000000000e+00
7.549292075981147043e+00	6.888237078470292651e+00	1.000000000000000000e+00
4.690221764446792285e+00	1.286418781077340512e+01	1.000000000000000000e+00
1.625784796381863373e+01	4.933860801405402619e+00	1.000000000000000000e+00
9.849452068030972285e+00	7.988728831450869095e+00	1.000000000000000000e+00
9.553896846260331088e+00	4.175274823141250202e+00	1.000000000000000000e+00
1.270812759035917239e+01	2.012600333068240488e+00	1.000000000000000000e+00
1.195273580061607355e+01	6.546908926683057572e+00	1.000000000000000000e+00
3.901710897037061976e+00	2.694875383238920730e+00	1.000000000000000000e+00
5.051977924394964070e+00	3.245371441950223979e+00	1.000000000000000000e+00
4.493092556988528941e+00	1.032193128897020529e+01	1.000000000000000000e+00
1.844654327613846334e+01	1.476374198255176218e+01	1.000000000000000000e+00
3.146020348670913069e+00	7.229455234946904341e+00	1.000000000000000000e+00
6.596227325246164952e+00	8.880177918480010035e+00	1.000000000000000000e+00
4.000331617987341382e+00	3.966249390794815533e+00	1.000000000000000000e+00
1.510738423247085116e+01	4.383768891928674805e+00	1.000000000000000000e+00
7.647832673333227582e+00	8.159382402092312248e+00	1.000000000000000000e+00
9.439689710971208569e-01	7.399500828610390712e+00	1.000000000000000000e+00
4.788630893994084481e+00	1.413543871443782862e+01	1.000000000000000000e+00
9.750919074093010508e+00	6.717540143711562273e+00	1.000000000000000000e+00
5.741920239729778608e+00	1.214322417673087351e+01	1.000000000000000000e+00
6.300643060617997726e+00	5.066835542197839715e+00	1.000000000000000000e+00
1.300457840708135393e+01	5.826413799060792265e+00	1.000000000000000000e+00
3.342965137495414574e+00	9.771715131227461271e+00	1.000000000000000000e+00
6.202156703429620777e+00	3.795710487900521457e+00	1.000000000000000000e+00
4.591588461893669759e+00	1.159303835217305334e+01	1.000000000000000000e+00
1.290567644005604642e+01	4.554920252454548901e+00	1.000000000000000000e+00
1.798240343994095713e+00	4.136946983950100964e+00	1.000000000000000000e+00
8.797930932954514560e+00	8.709685771083801598e+00	1.000000000000000000e+00
4.098991236073159072e+00	5.237376114832994922e+00	1.000000000000000000e+00
1.405587824807418329e+01	5.105002893367349692e+00	1.000000000000000000e+00
9.947979410032804282e+00	9.259916878920835259e+00	1.000000000000000000e+00
3.244479540581460153e+00	8.500595568024831294e+00	1.000000000000000000e+00
1.260849782884088199e+01	7.415173866059974195e-01	1.000000000000000000e+00
1.099963220757462068e+01	8.538823845367149445e+00	1.000000000000000000e+00
4.394568329576561183e+00	9.050823357974161709e+00	1.000000000000000000e+00
6.103658302289990623e+00	2.524587270054848620e+00	1.000000000000000000e+00
1.090097462794785521e+01	7.267716840133009448e+00	1.000000000000000000e+00
1.995894743172596186e+00	6.679146873005688434e+00	1.000000000000000000e+00
7.352200975432769958e+00	4.345935704756553442e+00	1.000000000000000000e+00
6.694918124754233979e+00	1.015137678217317507e+01	1.000000000000000000e+00
1.239461746200195114e+00	1.121363027048734295e+01	1.000000000000000000e+00
1.165688273424311561e+01	2.733453033330004001e+00	1.000000000000000000e+00
7.746325534190532380e+00	9.430642230435500650e+00	1.000000000000000000e+00
1.205120801807260200e+01	7.817792703999087323e+00	1.000000000000000000e+00
6.005827653237836294e+00	1.253279061288694596e+00	1.000000000000000000e+00
1.004663854198440731e+01	1.053135116840707219e+01	1.000000000000000000e+00
2.192839687159616524e+00	9.221417483962394357e+00	1.000000000000000000e+00
7.450751585474078453e+00	5.617087396153450207e+00	1.000000000000000000e+00
1.119754262229544572e+01	1.108109145756368896e+01	1.000000000000000000e+00
5.840862144508121467e+00	1.341444451367341983e+01	1.000000000000000000e+00
1.375960016733552038e+01	1.291054755676336541e+00	1.000000000000000000e+00
1.320173110338412670e+01	8.367307652615364688e+00	1.000000000000000000e+00
1.042483245026828209e+00	8.670964877864843601e+00	1.000000000000000000e+00
1.615907403235825512e+01	3.662297805908052872e+00	1.000000000000000000e+00
6.793864309998339124e+00	1.142255877216012649e+01	1.000000000000000000e+00
2.948774205879548749e+00	4.687154540970126959e+00	1.000000000000000000e+00
1.491016250809783372e+01	1.841252526933643496e+00	1.000000000000000000e+00
8.896241098037840800e+00	9.981213439380040242e+00	1.000000000000000000e+00
1.280704898165182648e+01	3.283800183775678949e+00	1.000000000000000000e+00
9.455119554917539304e+00	2.903792293259228163e+00	1.000000000000000000e+00
1.109826941575035697e+01	9.809892300365467221e+00	1.000000000000000000e+00
1.520607510604124712e+01	5.655279658450512947e+00	1.000000000000000000e+00
1.500863475628552379e+01	3.112529800120999113e+00	1.000000000000000000e+00
1.215011632201094471e+01	9.089213542739326357e+00	1.000000000000000000e+00
