5.155121193249666334e+00	5.413233109004904620e+00	1.000000000000000000e+00
2.166509904288238975e+00	6.577953608036864352e+00	1.000000000000000000e+00
4.775730374198337458e+00	4.083379374952426311e+00	1.000000000000000000e+00
6.502785144464670708e+00	5.068865589206736466e+00	1.000000000000000000e+00
1.820292495807146471e+00	7.469741197611609707e+00	1.000000000000000000e+00
4.429741177549511022e+00	2.725815902862608997e+00	1.000000000000000000e+00
7.362983826364942530e+00	5.567846285483111224e+00	1.000000000000000000e+00
4.442955848424190890e+00	8.357996160359080662e+00	1.000000000000000000e+00
3.922907116803681760e+00	3.593686836081571023e+00	1.000000000000000000e+00
9.863162955795576892e+00	7.077660248703190327e+00	1.000000000000000000e+00
5.264191278416128661e+00	8.884889509242530181e+00	1.000000000000000000e+00
5.758867954078447760e+00	2.389359397196314294e+00	1.000000000000000000e+00
8.723417760540355559e+00	5.238232188988877880e+00	1.000000000000000000e+00
6.375738361986356573e+00	1.221765778272130198e+01	1.000000000000000000e+00
5.640220559168086290e+00	4.575295892367865491e+00	1.000000000000000000e+00
4.289754039982983436e+00	4.926849604946818673e+00	1.000000000000000000e+00
2.938983090241162888e+00	5.385911010625531681e+00	1.000000000000000000e+00
5.269042091903221703e+00	3.243407275819406799e+00	1.000000000000000000e+00
6.857516290178062413e+00	6.409393705008821662e+00	1.000000000000000000e+00
3.831068492454616337e+00	5.777061995950296236e+00	1.000000000000000000e+00
4.871107177415376910e+00	1.414584810267321302e+00	1.000000000000000000e+00
6.345978486465276625e+00	7.249570419208771099e+00	1.000000000000000000e+00
3.915462352598392037e+00	1.058002359436683903e+01	1.000000000000000000e+00
6.259558350843595242e+00	1.521541211874934074e+00	1.000000000000000000e+00
9.747995440595172312e+00	6.060288920634929077e+00	1.000000000000000000e+00
4.213034355784224694e+00	1.194906893504730050e+01	1.000000000000000000e+00
4.194203106082573740e+00	7.090578164822963103e+00	1.000000000000000000e+00
1.071706816442517685e+01	5.936280600153211573e+00	1.000000000000000000e+00
5.032545055698163239e+00	1.249041900288597517e+01	1.000000000000000000e+00
6.120947571094784045e+00	3.735323583136185732e+00	1.000000000000000000e+00
4.661084833985515097e+00	6.253068806656034262e+00	1.000000000000000000e+00
3.284289864764592615e+00	7.349379886217221269e+00	1.000000000000000000e+00
8.771839442641242712e+00	2.061236834150125041e+00	1.000000000000000000e+00
6.010016126364689626e+00	5.906689768062280521e+00	1.000000000000000000e+00
4.144020548356754929e-01	7.802745959633335282e+00	1.000000000000000000e+00
7.421802007173682547e+00	3.383576328609288364e+00	1.000000000000000000e+00
8.547810911896290165e+00	7.480096500102308532e+00	1.000000000000000000e+00
1.113806138442313376e+01	1.009119862589467509e+01	1.000000000000000000e+00
7.094759726979964931e+00	2.037579094980740635e+00	1.000000000000000000e+00
9.537882880261230767e+00	8.468009479649973414e+00	1.000000000000000000e+00
5.568666116534200405e+00	1.165633925924493042e+01	1.000000000000000000e+00
6.993631942635197163e+00	4.229925903642445029e+00	1.000000000000000000e+00
1.083768149501872102e+01	6.912221109286045717e+00	1.000000000000000000e+00
3.657706710944552242e+00	1.276163941207076569e+01	1.000000000000000000e+00
7.921008460039453247e+00	2.533939624748114294e+00	1.000000000000000000e+00
5.514884609368783330e+00	6.742894533044040628e+00	1.000000000000000000e+00
3.105109080134679456e+00	6.395060413712927883e+00	1.000000000000000000e+00
7.642151522652860685e+00	1.217568099225511125e+00	1.000000000000000000e+00
7.691996644235956637e+00	6.923677672177292131e+00	1.000000000000000000e+00
1.274279508273905348e+00	8.258943127739625467e+00	1.000000000000000000e+00
7.847251775067832114e+00	4.713503897847683533e+00	1.000000000000000000e+00
7.991448718465550272e+00	8.257029865652841139e+00	1.000000000000000000e+00
5.272233732660976280e+00	1.032652795562073855e+01	1.000000000000000000e+00
8.710776934996598442e+00	4.269851673884560661e+00	1.000000000000000000e+00
1.051592678420490223e+01	8.232606566058723985e+00	1.000000000000000000e+00
4.743465103453337051e+00	1.113454095302100555e+01	1.000000000000000000e+00
9.216382028486819422e+00	2.967371906592293662e+00	1.000000000000000000e+00
1.153458169963291802e+01	8.056622865420999702e+00	1.000000000000000000e+00
4.482645660284830136e+00	1.331442932284946856e+01	1.000000000000000000e+00
6.595370109387316049e+00	2.880975801976812356e+00	1.000000000000000000e+00
5.013667961064621537e+00	7.575879312870209326e+00	1.000000000000000000e+00
3.421101524008328898e+00	4.468757258683313971e+00	1.000000000000000000e+00
1.009225220677814328e+01	2.550536359365652039e+00	1.000000000000000000e+00
6.650807607517204012e+00	8.572583057628515135e+00	1.000000000000000000e+00
3.494822207188805763e+00	8.310083694118038267e+00	1.000000000000000000e+00
8.354794521532605600e+00	3.397650124743106126e+00	1.000000000000000000e+00
9.880810713977487225e+00	9.473426055106651589e+00	1.000000000000000000e+00
4.411241986239659241e+00	9.346800558803325387e+00	1.000000000000000000e+00
7.409996195429459753e+00	1.136670481945393796e+01	1.000000000000000000e+00
8.676251223390723410e+00	8.900054262527140381e+00	1.000000000000000000e+00
7.735381662621835908e+00	1.230258845555606051e+01	1.000000000000000000e+00
1.001181170540291276e+01	4.760958346424593479e+00	1.000000000000000000e+00
1.020289613210080759e+01	1.041130082054531059e+01	1.000000000000000000e+00
1.384085046833490829e+01	1.353496824562540368e+01	1.000000000000000000e+00
6.144694118732007659e+00	1.084180900259395486e+01	1.000000000000000000e+00
6.808710959529402196e+00	9.524443230820425654e+00	1.000000000000000000e+00
1.964222678257641963e+00	5.612791158693689830e+00	1.000000000000000000e+00
9.604740967077546543e+00	3.873725288270749356e+00	1.000000000000000000e+00
7.176761597362245837e+00	7.763980243876869025e+00	1.000000000000000000e+00
7.814782599814138475e-01	9.125259992786652674e+00	1.000000000000000000e+00
1.050371710799945824e+01	3.470081114477040263e+00	1.000000000000000000e+00
7.726257509260976875e+00	9.188899395588480346e+00	1.000000000000000000e+00
3.379963796272041243e+00	1.141832684633755335e+01	1.000000000000000000e+00
9.272148071816822323e+00	1.074011993855109992e+01	1.000000000000000000e+00
8.965102231189497672e+00	9.811696658204459354e+00	1.000000000000000000e+00
2.121434636832659315e+00	8.837714528628094257e+00	1.000000000000000000e+00
8.991042414506459579e+00	6.627735493054027316e+00	1.000000000000000000e+00
1.079459254649553834e+01	9.166006950842470857e+00	1.000000000000000000e+00
1.995717857209401203e+01	1.265516965677884897e+01	1.000000000000000000e+00
8.671688650554395750e+00	1.197075843686172014e+01	1.000000000000000000e+00
5.823780922068192645e+00	8.102849149746464974e+00	1.000000000000000000e+00
1.174914695351649829e+00	6.748414449845569152e+00	1.000000000000000000e+00
8.211035808480193765e+00	6.075900168334828599e+00	1.000000000000000000e+00
5.869938697755310741e+00	9.591299578877249488e+00	1.000000000000000000e+00
3.396617240444089969e+00	9.275650161762047929e+00	1.000000000000000000e+00
8.331341628354842044e+00	1.104598031088388232e+01	1.000000000000000000e+00
7.066073031007122474e+00	1.044301733652508446e+01	1.000000000000000000e+00
2.598222991180499264e+00	8.004598434463316536e+00	1.000000000000000000e+00
1.138406177431318156e+01	2.986142597353371286e+00	1.000000000000000000e+00
8.024506822547195384e+00	1.012362485573460624e+01	1.000000000000000000e+00
