5.454423679948528836e+00	4.944422561094791391e+00	1.000000000000000000e+00
1.755549535230268532e+01	7.958651615335979201e+00	1.000000000000000000e+00
6.621444707601860991e+00	9.722354374950374911e-01	1.000000000000000000e+00
7.391896209352323055e+00	6.177061674191390850e+00	1.000000000000000000e+00
1.283876983132897553e+00	9.362377901941856706e+00	1.000000000000000000e+00
5.653503561253652165e+00	3.540126763501141305e-01	1.000000000000000000e+00
8.459507685146855138e+00	4.499341474852969647e+00	1.000000000000000000e+00
2.651119891545065110e-01	9.892487190715362644e+00	1.000000000000000000e+00
5.405056099753407395e+00	6.091458004747573263e+00	1.000000000000000000e+00
9.428165666339658912e+00	5.115682629071296006e+00	1.000000000000000000e+00
4.190880797861417761e+00	1.121082747324458140e+01	1.000000000000000000e+00
4.485455391556851801e+00	4.326890235422415465e+00	1.000000000000000000e+00
1.044640857888133390e+01	4.584938277022104103e+00	1.000000000000000000e+00
3.172599833502593114e+00	1.174166400176247471e+01	1.000000000000000000e+00
5.110611660404056344e+00	1.297531682673306719e+01	1.000000000000000000e+00
3.467138897175230827e+00	4.858047726612981343e+00	1.000000000000000000e+00
3.418118428458604363e+00	6.005916300926260831e+00	1.000000000000000000e+00
5.552187554776376821e+00	2.650165211911325702e+00	1.000000000000000000e+00
6.423208133507611883e+00	5.560768576951266695e+00	1.000000000000000000e+00
3.270808917842090047e+00	9.447493807717444625e+00	1.000000000000000000e+00
6.472698292868306780e+00	4.413677037835715744e+00	1.000000000000000000e+00
8.410034420206221384e+00	5.646357203032042804e+00	1.000000000000000000e+00
2.252935440481206086e+00	9.978480916852467075e+00	1.000000000000000000e+00
6.373794819546843904e+00	6.707798346101728093e+00	1.000000000000000000e+00
9.378677289656181415e+00	6.262753401083011262e+00	1.000000000000000000e+00
4.141450912341703372e+00	1.235800287188697766e+01	1.000000000000000000e+00
5.503944974242768851e+00	3.797216718113072709e+00	1.000000000000000000e+00
1.141519098571182056e+01	5.201451512654631237e+00	1.000000000000000000e+00
2.154364769617657327e+00	1.227265982698422597e+01	1.000000000000000000e+00
7.639452478074010955e+00	4.403908556814026820e-01	1.000000000000000000e+00
5.355764431252198143e+00	7.238512383056296962e+00	1.000000000000000000e+00
4.436266601564132550e+00	5.474912227618713878e+00	1.000000000000000000e+00
6.571272574390740751e+00	2.119490048169379914e+00	1.000000000000000000e+00
7.342515262688495525e+00	7.324134071020537817e+00	1.000000000000000000e+00
1.381176087494162097e+00	7.068013522300209850e+00	1.000000000000000000e+00
7.490788558830614008e+00	3.882963001853794616e+00	1.000000000000000000e+00
8.360563197162072413e+00	6.793452429908967360e+00	1.000000000000000000e+00
1.234753938209657731e+00	1.050945860630470641e+01	1.000000000000000000e+00
5.601997335466516681e+00	1.502459598985971700e+00	1.000000000000000000e+00
1.039677286124446098e+01	5.732117643038707300e+00	1.000000000000000000e+00
2.158038532733621562e-01	1.104087497032801046e+01	1.000000000000000000e+00
6.522080069019294157e+00	3.266509286397739409e+00	1.000000000000000000e+00
1.136553308841297039e+01	6.348619422426494019e+00	1.000000000000000000e+00
4.091357657831100170e+00	1.350634282005089126e+01	1.000000000000000000e+00
8.607749883905951194e+00	1.057947361931828922e+00	1.000000000000000000e+00
4.386968561689783108e+00	6.622200688570783811e+00	1.000000000000000000e+00
2.399988171953674865e+00	6.536984415399223813e+00	1.000000000000000000e+00
8.558457125861744785e+00	2.205334417226341159e+00	1.000000000000000000e+00
6.324479198361961707e+00	7.855011954661771156e+00	1.000000000000000000e+00
2.350785665522443058e+00	7.684215938972521087e+00	1.000000000000000000e+00
7.540249141238471786e+00	2.735944280164840592e+00	1.000000000000000000e+00
7.293298937681217176e+00	8.471501935608497291e+00	1.000000000000000000e+00
3.221775016908789091e+00	1.059466592523187423e+01	1.000000000000000000e+00
9.281464002465430241e+00	1.427688108361255281e+01	1.000000000000000000e+00
1.034729327650235398e+01	6.879201909909725465e+00	1.000000000000000000e+00
5.160418368182939197e+00	1.182735025390767447e+01	1.000000000000000000e+00
8.508960212439300008e+00	3.352316973862961458e+00	1.000000000000000000e+00
1.131619850362773327e+01	7.495805080028032030e+00	1.000000000000000000e+00
2.105226059387603321e+00	1.342088407953323603e+01	1.000000000000000000e+00
7.589778159056596252e+00	1.588917658630122132e+00	1.000000000000000000e+00
4.337812301479585742e+00	7.769353900428516368e+00	1.000000000000000000e+00
1.430139548707359820e+00	5.920279645325737583e+00	1.000000000000000000e+00
9.625373140718487264e+00	5.262047392332086515e-01	1.000000000000000000e+00
5.306703713243667409e+00	8.385622456631327992e+00	1.000000000000000000e+00
3.319838654155922164e+00	8.300288566195256124e+00	1.000000000000000000e+00
9.576546185273588918e+00	1.674480240312261614e+00	1.000000000000000000e+00
8.311160950821799176e+00	7.940577768404778247e+00	1.000000000000000000e+00
2.203699347740389225e+00	1.112558208443901364e+01	1.000000000000000000e+00
7.441362527530940518e+00	5.030044099879470210e+00	1.000000000000000000e+00
9.329202415350820843e+00	7.409892335448359901e+00	1.000000000000000000e+00
1.185338866594233487e+00	1.165661894343045013e+01	1.000000000000000000e+00
9.527220254406207900e+00	2.821664627143673609e+00	1.000000000000000000e+00
1.126751923330733796e+01	8.643277251586420462e+00	1.000000000000000000e+00
1.135319625233418783e+00	1.280403042420546278e+01	1.000000000000000000e+00
9.477721180027000258e+00	3.968632908238217460e+00	1.000000000000000000e+00
4.288647089360758891e+00	8.916496312007003766e+00	1.000000000000000000e+00
3.368922080035792188e+00	7.153163216074136521e+00	1.000000000000000000e+00
1.064548919791101866e+01	-3.736339742115765521e-03	1.000000000000000000e+00
6.275947600786171421e+00	9.003174487204256948e+00	1.000000000000000000e+00
2.301962120927614208e+00	8.831288515771667846e+00	1.000000000000000000e+00
9.398472418937748429e+00	1.542076304953719657e+01	1.000000000000000000e+00
8.261568048542132559e+00	9.089135719620662357e+00	1.000000000000000000e+00
5.209780620822909825e+00	1.067974708551146534e+01	1.000000000000000000e+00
1.054539899996058239e+01	2.290967013389725082e+00	1.000000000000000000e+00
1.029782986198844519e+01	8.026437130396843145e+00	1.000000000000000000e+00
1.869854896140994782e+01	1.193359079805057554e+01	1.000000000000000000e+00
1.049615649052195288e+01	3.438024956539519561e+00	1.000000000000000000e+00
1.233503149402048216e+01	6.965703579819535030e+00	1.000000000000000000e+00
3.123151360974538715e+00	1.288896339321824414e+01	1.000000000000000000e+00
1.146575266805711557e+01	4.054534377366463715e+00	1.000000000000000000e+00
4.239663092423093360e+00	1.006378101940067360e+01	1.000000000000000000e+00
2.448810111117950772e+00	5.389167164269572652e+00	1.000000000000000000e+00
1.156423674875103380e+01	1.758937906601585777e+00	1.000000000000000000e+00
5.257552667059411711e+00	9.532768801710547635e+00	1.000000000000000000e+00
1.331902128613730252e+00	8.215445063659863933e+00	1.000000000000000000e+00
1.151506569501690969e+01	2.906932734912762495e+00	1.000000000000000000e+00
9.279643582709788063e+00	8.557370952525591434e+00	1.000000000000000000e+00
1.238457068550910378e+01	5.817309309840240417e+00	1.000000000000000000e+00
1.059453906001244938e+01	1.143667292534916502e+00	1.000000000000000000e+00
1.024821798122472671e+01	9.174568260823173560e+00	1.000000000000000000e+00
