6.870131282189160693e+00	6.078221901582221420e+00	1.000000000000000000e+00
4.505311707222084294e+00	1.073554182416333447e+01	1.000000000000000000e+00
8.514328144149798661e+00	1.797485092685849439e+00	1.000000000000000000e+00
6.669323874787869144e+00	3.746502464147902778e+00	1.000000000000000000e+00
5.538510975559987060e+00	9.820046657789301747e+00	1.000000000000000000e+00
5.721367011127814983e+00	3.520561809630687655e+00	1.000000000000000000e+00
8.866158309357128786e+00	3.836862695466528361e+00	1.000000000000000000e+00
4.819889224077360979e+00	1.204630950466082062e+01	1.000000000000000000e+00
1.384455887438645227e+01	5.217356405697904265e+00	1.000000000000000000e+00
1.085678747850251291e+01	5.042970608187827608e+00	1.000000000000000000e+00
3.963698896900556878e+00	5.703183151739329659e+00	1.000000000000000000e+00
1.223570805119449290e+01	3.247584671038334481e+00	1.000000000000000000e+00
1.171831225552274347e+01	5.524123730105698016e+00	1.000000000000000000e+00
1.040824507164185775e+01	7.421155072862582358e+00	1.000000000000000000e+00
5.909597674030344194e+00	2.571348748156720099e+00	1.000000000000000000e+00
5.907733416354575162e+00	5.907949827739673587e+00	1.000000000000000000e+00
5.728656406062702544e+00	1.170745644694295784e+01	1.000000000000000000e+00
1.139498455603828475e+01	3.720306816137478823e+00	1.000000000000000000e+00
6.552022683103007950e+00	5.168576495905207402e+00	1.000000000000000000e+00
3.454127899080698061e+00	2.010174144480157743e+00	1.000000000000000000e+00
1.270684378515048074e+01	4.447778270762491992e+00	1.000000000000000000e+00
7.454229994287292271e+00	4.880665439725502708e+00	1.000000000000000000e+00
3.489547984429678618e+00	1.064635339397783120e+01	1.000000000000000000e+00
1.013903064277755917e+01	3.180371477642784495e+00	1.000000000000000000e+00
9.597196522050802869e+00	4.413813799138171845e+00	1.000000000000000000e+00
6.761322988164101488e+00	7.014061083268407160e+00	1.000000000000000000e+00
1.262474009240171213e+01	5.793613775131533750e+00	1.000000000000000000e+00
9.890740335410301398e+00	5.298847218363252232e+00	1.000000000000000000e+00
5.725353610170714092e+00	1.306740453191062556e+01	1.000000000000000000e+00
4.834019272052445082e+00	6.792025152039434133e+00	1.000000000000000000e+00
4.924127463011597428e+00	5.800290094627384541e+00	1.000000000000000000e+00
3.572595987922615013e+00	9.675327170332451487e+00	1.000000000000000000e+00
1.119863941283812636e+01	2.355310131095063930e+00	1.000000000000000000e+00
7.768809443755742450e+00	5.800693391432720780e+00	1.000000000000000000e+00
9.501211611771438470e+00	1.760160375108434394e+01	1.000000000000000000e+00
7.835487508616690633e+00	2.985979216043052276e+00	1.000000000000000000e+00
8.461120713431181883e+00	5.106631459108847082e+00	1.000000000000000000e+00
4.401959297276967220e+00	1.337484385977969659e+01	1.000000000000000000e+00
6.870795814770211507e+00	2.785449184125927680e+00	1.000000000000000000e+00
9.127713260534880746e+00	5.851774382459733914e+00	1.000000000000000000e+00
3.081148395731347023e+00	1.295303009586294252e+01	1.000000000000000000e+00
3.913961188084984499e+00	4.705917369952981488e+00	1.000000000000000000e+00
1.049680656136673385e+01	6.026382809780598038e+00	1.000000000000000000e+00
3.774773598079044667e+00	7.689552804247137274e+00	1.000000000000000000e+00
6.157442898478850957e+00	1.605370438554490464e+00	1.000000000000000000e+00
4.739963120422714837e+00	7.783745934387008347e+00	1.000000000000000000e+00
4.646395789771332829e+00	8.769688977954052334e+00	1.000000000000000000e+00
5.995455360509942544e+00	4.433587630420270820e+00	1.000000000000000000e+00
5.146911333581824621e+00	4.858705009444301837e+00	1.000000000000000000e+00
2.800433036196086523e+00	7.595433615008359673e+00	1.000000000000000000e+00
9.206346508274734219e+00	2.959530055815608129e+00	1.000000000000000000e+00
5.794195028701763839e+00	6.899108085865069739e+00	1.000000000000000000e+00
4.555060843879846111e+00	9.749923575801224374e+00	1.000000000000000000e+00
1.322959468556523710e+01	3.141484232153506806e+00	1.000000000000000000e+00
7.667066201899625177e+00	8.068450703195022555e+00	1.000000000000000000e+00
4.787274130106325742e+00	3.639043272391666139e+00	1.000000000000000000e+00
1.637120272858778591e+01	1.721152408459639105e+01	1.000000000000000000e+00
9.791759339209452406e+00	6.665178487496993043e+00	1.000000000000000000e+00
2.649815479670535101e+00	1.204420582665415296e+01	1.000000000000000000e+00
1.250484132145644978e+01	1.947570784269323285e+00	1.000000000000000000e+00
5.706581557077011091e+00	7.882400330009121880e+00	1.000000000000000000e+00
3.952543339009754852e+00	1.250618452811514381e+01	1.000000000000000000e+00
2.565952054334259547e+00	4.383861479975260877e+00	1.000000000000000000e+00
7.704901517922741583e+00	7.125025088491859115e+00	1.000000000000000000e+00
3.681036392563358017e+00	8.676022121515041263e+00	1.000000000000000000e+00
1.518194807203720842e+01	2.190601298340330683e+00	1.000000000000000000e+00
6.677080980543530053e+00	7.985796192937931970e+00	1.000000000000000000e+00
2.269567156075448899e+00	9.803611109036230786e+00	1.000000000000000000e+00
3.460986492596077380e+00	3.389758577263340733e+00	1.000000000000000000e+00
8.415884945218619961e+00	6.507193471152909581e+00	1.000000000000000000e+00
2.962439325401168944e+00	5.657749237686433119e+00	1.000000000000000000e+00
1.135718708198013793e+01	6.426615577042518623e+00	1.000000000000000000e+00
9.606971651266078993e+00	8.060511585854200689e+00	1.000000000000000000e+00
2.534363652998333993e+00	1.071848981327332950e+01	1.000000000000000000e+00
7.600044504475556906e+00	3.955685102844912038e+00	1.000000000000000000e+00
5.623969034282100488e+00	8.857451518072441132e+00	1.000000000000000000e+00
3.870170994510355289e+00	6.701108182499914356e+00	1.000000000000000000e+00
9.915154598084217952e+00	1.824852305744756542e+00	1.000000000000000000e+00
6.607753327881719763e+00	8.954468651832888426e+00	1.000000000000000000e+00
2.904929942762620509e+00	6.623967935578685129e+00	1.000000000000000000e+00
1.177008759333312504e+01	4.588988395242366458e+00	1.000000000000000000e+00
8.624568965475669202e+00	8.114060296524652216e+00	1.000000000000000000e+00
3.528213976374630967e+00	1.163437149377090840e+01	1.000000000000000000e+00
7.123638447526762896e+00	1.833517102705801927e+00	1.000000000000000000e+00
9.029485586259552221e+00	7.252366211738386248e+00	1.000000000000000000e+00
1.649833525320958572e+01	1.856978457185685372e+01	1.000000000000000000e+00
1.404397618261225666e+01	4.240021637693961232e+00	1.000000000000000000e+00
9.611263789658737622e+00	9.059553952824785483e+00	1.000000000000000000e+00
1.914276649452499202e+00	6.546059955310842504e+00	1.000000000000000000e+00
1.384805311293314212e+01	1.907848350201375887e+00	1.000000000000000000e+00
5.469397399945252758e+00	1.078741022064353139e+01	1.000000000000000000e+00
4.608309029370858845e+00	2.684687059877433057e+00	1.000000000000000000e+00
1.460457524417012110e+01	3.019892501120486461e+00	1.000000000000000000e+00
6.529987725255421260e+00	9.926902141316697126e+00	1.000000000000000000e+00
2.713577881022906979e+00	8.573427882850504389e+00	1.000000000000000000e+00
1.049490821302178389e+01	4.089126341281518862e+00	1.000000000000000000e+00
7.591802222296585079e+00	9.029793591943150233e+00	1.000000000000000000e+00
7.538260582908659302e+00	9.999338639858558864e+00	1.000000000000000000e+00
4.808020354665626606e+00	1.719277607536171093e+00	1.000000000000000000e+00
8.602998973193223264e+00	9.088984632512820738e+00	1.000000000000000000e+00
