6.577440329866266033e+00	3.895095167937721481e+00	1.000000000000000000e+00
2.493489967310551059e+00	7.758733222784280237e+00	1.000000000000000000e+00
5.724044247936658003e+00	5.298511712922551631e+00	1.000000000000000000e+00
8.317180141943760319e+00	6.266550885522389258e+00	1.000000000000000000e+00
2.756553840369534658e+00	9.142351733041813588e+00	1.000000000000000000e+00
5.131518227740621718e+00	6.051496931721389139e+00	1.000000000000000000e+00
7.481764243167407180e+00	6.805371069473593160e+00	1.000000000000000000e+00
5.724840866543132734e+00	1.141883343185681809e+01	1.000000000000000000e+00
1.053536060590899304e+01	2.322340197260905459e+00	1.000000000000000000e+00
9.903943229311950702e+00	5.175986199285374845e+00	1.000000000000000000e+00
1.435732880049941862e+01	1.432797478168699001e+01	1.000000000000000000e+00
8.500907983645625166e+00	4.946798198754311038e+00	1.000000000000000000e+00
1.145958063206668420e+01	3.979627352188928935e+00	1.000000000000000000e+00
1.725906019109163303e+00	1.079391128441448799e+01	1.000000000000000000e+00
5.004317117662879788e+00	4.675227872112461824e+00	1.000000000000000000e+00
6.511190427633033018e+00	5.887607429973486184e+00	1.000000000000000000e+00
1.471985443266392801e+00	1.207865124771838161e+01	1.000000000000000000e+00
1.204406720473419412e+01	4.780638450351097468e+00	1.000000000000000000e+00
7.471043156490269510e+00	5.835572827583049182e+00	1.000000000000000000e+00
4.065398137983573079e+00	8.872867632577271735e+00	1.000000000000000000e+00
9.583513802651957292e+00	2.135635510499720446e+00	1.000000000000000000e+00
8.056399773022924649e+00	7.593034917285767627e+00	1.000000000000000000e+00
3.281171003838592171e+00	8.315929318442350393e+00	1.000000000000000000e+00
8.528790989729870375e+00	2.999561271314424626e+00	1.000000000000000000e+00
9.328594604417347114e+00	4.410578735460902067e+00	1.000000000000000000e+00
1.183486742704937633e+01	9.769753199495120555e+00	1.000000000000000000e+00
7.561807247762330597e+00	2.939861678584499760e+00	1.000000000000000000e+00
1.069475624365917632e+01	4.602735306227878631e+00	1.000000000000000000e+00
3.088102116885778958e+00	6.934631075218581131e+00	1.000000000000000000e+00
8.494100388914137767e+00	3.956539044872159572e+00	1.000000000000000000e+00
5.921562130986383288e+00	6.656750307653831911e+00	1.000000000000000000e+00
2.232798658812976011e+00	9.965270588987216627e+00	1.000000000000000000e+00
3.854111036574163318e+00	7.517459163649606424e+00	1.000000000000000000e+00
6.665021644371543985e+00	7.318826195315282668e+00	1.000000000000000000e+00
5.741474442522497057e+00	1.046049477426683971e+01	1.000000000000000000e+00
6.559153843456753563e+00	4.857428606740329613e+00	1.000000000000000000e+00
8.861119143622268268e+00	7.059946802304325253e+00	1.000000000000000000e+00
1.416962963445227652e+00	9.439561094752713544e+00	1.000000000000000000e+00
8.706163994003398798e+00	1.076273940611346180e+00	1.000000000000000000e+00
9.663413588584843339e+00	6.511198971967449900e+00	1.000000000000000000e+00
4.706478508946656536e-01	1.220283387549472209e+01	1.000000000000000000e+00
3.730332872446379788e+00	6.156661010562546110e+00	1.000000000000000000e+00
1.046217352756538688e+01	5.960586076105911957e+00	1.000000000000000000e+00
1.948735847553487499e+00	8.601803469496491772e+00	1.000000000000000000e+00
1.279988428836042580e+01	2.289101706481607046e+00	1.000000000000000000e+00
5.259367732916412130e+00	7.366050225342998026e+00	1.000000000000000000e+00
9.686476815103377547e+00	1.001761940553589803e+01	1.000000000000000000e+00
7.638798288068969100e+00	1.962351900144767791e+00	1.000000000000000000e+00
5.990231026539441395e+00	8.009125766714552341e+00	1.000000000000000000e+00
4.754158027953882204e+00	1.044763728489297705e+01	1.000000000000000000e+00
8.618609076295316029e+00	2.042378051945198170e+00	1.000000000000000000e+00
7.265281303691114800e+00	8.127793076624504565e+00	1.000000000000000000e+00
2.562547642669357195e+00	1.133270662084609093e+01	1.000000000000000000e+00
9.718581247954833913e+00	1.182308406901171560e+00	1.000000000000000000e+00
9.411490102803956148e+00	7.855528467412343119e+00	1.000000000000000000e+00
4.767212252391426208e-01	1.119684783355221214e+01	1.000000000000000000e+00
9.103586772953837780e+00	5.718565365204013595e+00	1.000000000000000000e+00
1.021148383520854175e+01	7.304604897730225588e+00	1.000000000000000000e+00
3.571741955748619635e+00	9.693833717562839070e+00	1.000000000000000000e+00
1.168165541619320180e+01	1.578870986204634175e+00	1.000000000000000000e+00
5.342761467349533611e+00	8.692439066079565180e+00	1.000000000000000000e+00
4.486472356429278108e+00	6.772150826634612208e+00	1.000000000000000000e+00
6.584498550237097625e+00	2.917295110735219854e+00	1.000000000000000000e+00
6.564304716259595551e+00	8.800854936515062121e+00	1.000000000000000000e+00
4.824383652715385828e+00	9.488228298279068440e+00	1.000000000000000000e+00
9.488498872698656328e+00	3.094739541816255102e+00	1.000000000000000000e+00
9.155974958218564552e+00	9.194932547829184344e+00	1.000000000000000000e+00
3.042345752932834380e+00	1.049739103335494406e+01	1.000000000000000000e+00
7.525940647484665291e+00	4.888228246413437894e+00	1.000000000000000000e+00
1.077478779863701597e+01	8.100801340492955305e+00	1.000000000000000000e+00
5.775883693845581313e+00	1.238862720560219977e+01	1.000000000000000000e+00
7.537906634684603979e+00	3.917655727676881305e+00	1.000000000000000000e+00
1.103223473122003995e+01	6.756702044806739416e+00	1.000000000000000000e+00
3.625232353184910661e+00	4.809794933727105537e+00	1.000000000000000000e+00
1.071318529871720315e+01	1.372498675311636163e+00	1.000000000000000000e+00
5.845559803424784207e+00	9.499219594340001294e+00	1.000000000000000000e+00
1.858175212678785826e+01	1.158892146618853936e+01	1.000000000000000000e+00
1.082655432120329309e+01	3.241719817379465685e+00	1.000000000000000000e+00
8.605065543521762450e+00	8.399962539901535408e+00	1.000000000000000000e+00
4.617990672891193249e+00	8.090620534739208836e+00	1.000000000000000000e+00
1.151002638101659414e+01	2.553306849285200020e+00	1.000000000000000000e+00
7.810200623315363799e+00	8.956580350826209624e+00	1.000000000000000000e+00
3.902477332210996241e+00	1.095042550009714688e+01	1.000000000000000000e+00
4.261061345053677840e+00	4.042514212239158411e+00	1.000000000000000000e+00
9.962820341569015525e+00	8.650816212743583478e+00	1.000000000000000000e+00
8.891674437418455312e-01	1.027444382018006763e+01	1.000000000000000000e+00
6.648323776499218241e+00	1.928476528450935090e+00	1.000000000000000000e+00
1.131164469667912797e+01	8.932597297361255073e+00	1.000000000000000000e+00
4.385320802876181645e+00	5.422484781884046257e+00	1.000000000000000000e+00
5.606361593204402638e+00	3.904887777442696439e+00	1.000000000000000000e+00
6.711242193671116851e+00	1.137260205597024942e+01	1.000000000000000000e+00
7.379975881590421505e-01	1.317745987920004858e+01	1.000000000000000000e+00
1.009187527451289412e+01	3.840197667591298103e+00	1.000000000000000000e+00
7.035386309233730984e+00	1.005663715057811203e+01	1.000000000000000000e+00
4.754810558050568403e+00	1.146096088753890285e+01	1.000000000000000000e+00
1.099635112273587723e+01	1.029363503700887961e+01	1.000000000000000000e+00
8.358394760106879318e+00	9.774143776357528068e+00	1.000000000000000000e+00
3.441799722540423101e+00	1.181268181559846298e+01	1.000000000000000000e+00
1.126517661277679316e+01	5.394302818942371402e+00	1.000000000000000000e+00
1.049577787336153989e+01	9.454464971519659144e+00	1.000000000000000000e+00
