6.470268208443629376e+00	4.526997719975614842e+00	1.000000000000000000e+00
2.357289670659604930e+00	4.278846930598608544e+00	1.000000000000000000e+00
7.605393508666889346e+00	2.807929640937618654e+00	1.000000000000000000e+00
6.398943094538228848e+00	5.714203183315848200e+00	1.000000000000000000e+00
4.057913265836893935e+00	1.033992865939391770e+01	1.000000000000000000e+00
1.377394617676278088e+01	3.178161274643494849e+00	1.000000000000000000e+00
9.590251604011962527e+00	4.118776206012812580e+00	1.000000000000000000e+00
1.789568502240353576e+00	1.377809411251311644e+01	1.000000000000000000e+00
1.278124828396755497e+01	2.523095640347653212e+00	1.000000000000000000e+00
1.058280889157844662e+01	4.774147428949317984e+00	1.000000000000000000e+00
2.285832098057722028e+00	5.466542119320771498e+00	1.000000000000000000e+00
1.590145230919092434e+01	2.112805000023954882e+00	1.000000000000000000e+00
1.065403712232861189e+01	3.586969237059111304e+00	1.000000000000000000e+00
2.143026609060105336e+00	7.841405817269338385e+00	1.000000000000000000e+00
8.740747993631220680e+00	1.088107151698177733e+00	1.000000000000000000e+00
5.406509930595006175e+00	5.058754513132494246e+00	1.000000000000000000e+00
8.666394449108447695e-01	1.193574091206983567e+01	1.000000000000000000e+00
1.490803887191254518e+01	1.457540578665341258e+00	1.000000000000000000e+00
7.462778781841954867e+00	5.182424513127447341e+00	1.000000000000000000e+00
2.994115095202978249e+00	1.087115328807963088e+01	1.000000000000000000e+00
5.549115719209887665e+00	2.684232492594893937e+00	1.000000000000000000e+00
8.455251298826436113e+00	5.837827974454907753e+00	1.000000000000000000e+00
6.548803516668787461e-01	1.549815659908295373e+01	1.000000000000000000e+00
1.483755358107106659e+01	2.645582582572623576e+00	1.000000000000000000e+00
1.051171269232825622e+01	5.961319893311273432e+00	1.000000000000000000e+00
5.158028943253939458e-01	1.787368722451764569e+01	1.000000000000000000e+00
6.612971704422220931e+00	2.152473122994000398e+00	1.000000000000000000e+00
1.164667511549564871e+01	4.242492355515685709e+00	1.000000000000000000e+00
2.001234121115914810e+00	1.021610184493506068e+01	1.000000000000000000e+00
9.732894431376349687e+00	1.744191325431616812e+00	1.000000000000000000e+00
5.335132674284871257e+00	6.245919950261000331e+00	1.000000000000000000e+00
3.278728650436650405e+00	6.122259195206075866e+00	1.000000000000000000e+00
5.477847158290899188e+00	3.871529514624875379e+00	1.000000000000000000e+00
6.327652942098291433e+00	6.901348211310000202e+00	1.000000000000000000e+00
7.255238693222448854e-01	1.431065354009165702e+01	1.000000000000000000e+00
1.860151104129652788e+00	1.259075966528094526e+01	1.000000000000000000e+00
7.391467188378373798e+00	6.369636963645350036e+00	1.000000000000000000e+00
9.373130705609120650e-01	1.074794356018792030e+01	1.000000000000000000e+00
3.421562800739647692e+00	3.747773743521210399e+00	1.000000000000000000e+00
9.519003512339741846e+00	5.305994226482958709e+00	1.000000000000000000e+00
1.648506494265733702e+00	1.615258272964982211e+01	1.000000000000000000e+00
1.079654580000925712e+01	1.211633269166026317e+00	1.000000000000000000e+00
1.157602136132815041e+01	5.429977665088580707e+00	1.000000000000000000e+00
2.214427926493697019e+00	6.653990543819185532e+00	1.000000000000000000e+00
1.072525772567722235e+01	2.399731639529486760e+00	1.000000000000000000e+00
4.271244793249588056e+00	6.777689110179086818e+00	1.000000000000000000e+00
4.128622006580080495e+00	9.152043673285470859e+00	1.000000000000000000e+00
8.669031277544069880e+00	2.276032774623728550e+00	1.000000000000000000e+00
5.263763399113058128e+00	7.433077207899128958e+00	1.000000000000000000e+00
1.930542425253559458e+00	1.140357041502642055e+01	1.000000000000000000e+00
8.526506522750263883e+00	4.650613031289715593e+00	1.000000000000000000e+00
8.384001788764592789e+00	7.025064447643679877e+00	1.000000000000000000e+00
2.782950868458557547e+00	1.443312691333536968e+01	1.000000000000000000e+00
1.384469220171504844e+01	1.990577438616902617e+00	1.000000000000000000e+00
9.447814625848049985e+00	6.493233514984171784e+00	1.000000000000000000e+00
5.849680242726565949e-01	1.668593808618778240e+01	1.000000000000000000e+00
1.271068975498121745e+01	3.711052013347410750e+00	1.000000000000000000e+00
1.044103016972788467e+01	7.148482940751871517e+00	1.000000000000000000e+00
3.207330547657904152e+00	7.309490617383711530e+00	1.000000000000000000e+00
1.285225644797776212e+01	1.334878952589953816e+00	1.000000000000000000e+00
4.199908523271782101e+00	7.964867094092930699e+00	1.000000000000000000e+00
3.135979545070689767e+00	8.496726945639020201e+00	1.000000000000000000e+00
1.583069276107366363e+01	3.300805103331821311e+00	1.000000000000000000e+00
6.256340642391772455e+00	8.088519970235685363e+00	1.000000000000000000e+00
2.071706423647384998e+00	9.028869531593754161e+00	1.000000000000000000e+00
5.620861972304748377e+00	1.496317712912116793e+00	1.000000000000000000e+00
7.320174102306236108e+00	7.556818891373694669e+00	1.000000000000000000e+00
2.712406635675558952e+00	1.562084449873247038e+01	1.000000000000000000e+00
1.171779040898118751e+01	3.055172259900026610e+00	1.000000000000000000e+00
9.376658511068164614e+00	7.680422710558737265e+00	1.000000000000000000e+00
1.579698692667767634e+00	1.733978575766045793e+01	1.000000000000000000e+00
3.492153661898065753e+00	2.560389968018651707e+00	1.000000000000000000e+00
1.036974300504118141e+01	8.336100446925645002e+00	1.000000000000000000e+00
4.485379905963388758e+00	3.215958145608242891e+00	1.000000000000000000e+00
4.414052449349512131e+00	4.403287207088873778e+00	1.000000000000000000e+00
5.192451393596067000e+00	8.620172922812075811e+00	1.000000000000000000e+00
3.065054436181860353e+00	9.683920751093110013e+00	1.000000000000000000e+00
1.476654019917375571e+01	3.833611669483125706e+00	1.000000000000000000e+00
6.184996603953699434e+00	9.275724958717090018e+00	1.000000000000000000e+00
3.350167360477040113e+00	4.935052400776780424e+00	1.000000000000000000e+00
4.556484797050130986e+00	2.028306523843337761e+00	1.000000000000000000e+00
7.248831440597790277e+00	8.744074941338212170e+00	1.000000000000000000e+00
7.961788260916382587e-01	1.312321003918001061e+01	1.000000000000000000e+00
6.541606397718757293e+00	3.339790833019466110e+00	1.000000000000000000e+00
8.312748392289783794e+00	8.212288151746458098e+00	1.000000000000000000e+00
1.510119172248300057e+00	1.852773508053206442e+01	1.000000000000000000e+00
9.661486622811338520e+00	2.931559627373626853e+00	1.000000000000000000e+00
9.305514222032437388e+00	8.868048975203182138e+00	1.000000000000000000e+00
1.718921371687533117e+00	1.496537000111679383e+01	1.000000000000000000e+00
1.178879545146939911e+01	1.867651388730498185e+00	1.000000000000000000e+00
5.121142545295489512e+00	9.807412175192226300e+00	1.000000000000000000e+00
4.342638426520783135e+00	5.590509252218557990e+00	1.000000000000000000e+00
7.534058594911788198e+00	3.995210230341550428e+00	1.000000000000000000e+00
6.113030031007550491e+00	1.046370032249414272e+01	1.000000000000000000e+00
2.924250253281349909e+00	1.205825970691977922e+01	1.000000000000000000e+00
8.597812632389342014e+00	3.463384800928408058e+00	1.000000000000000000e+00
7.177375612626283541e+00	9.931811468120519848e+00	1.000000000000000000e+00
2.853556313201671912e+00	1.324566019351595614e+01	1.000000000000000000e+00
7.676416700697966888e+00	1.620068622174692718e+00	1.000000000000000000e+00
8.241474663798092237e+00	9.399962358720554079e+00	1.000000000000000000e+00
