4.431012678734246535e+00	5.589539931771745351e+00	1.000000000000000000e+00
4.226279243286762188e+00	1.014753764078927034e+01	1.000000000000000000e+00
5.870040643884148146e+00	3.968139746005796997e+00	1.000000000000000000e+00
6.056936803977304606e+00	7.035517164706559967e+00	1.000000000000000000e+00
2.156084817207699622e+00	5.765392806557946948e+00	1.000000000000000000e+00
8.410036923687846055e+00	5.058193324325338303e+00	1.000000000000000000e+00
8.219503624757786397e+00	7.227479798108729092e+00	1.000000000000000000e+00
2.848887645540342017e+00	1.008660441899888482e+01	1.000000000000000000e+00
5.999240131453751346e+00	2.988844625862888904e+00	1.000000000000000000e+00
8.771399510378476094e+00	5.963991884727348314e+00	1.000000000000000000e+00
2.131374708906021098e+00	1.074373946743572716e+01	1.000000000000000000e+00
6.778452730846561636e+00	3.606936188167659818e+00	1.000000000000000000e+00
7.502144567804753805e+00	5.415910538410750874e+00	1.000000000000000000e+00
4.225951440623296307e+00	1.288081845941972148e+01	1.000000000000000000e+00
7.692670720463212319e+00	3.238713466377973749e+00	1.000000000000000000e+00
4.770549025603004978e+00	6.483333074209303604e+00	1.000000000000000000e+00
4.053341628502170835e+00	4.689260982837437197e+00	1.000000000000000000e+00
1.802372218731482123e+00	4.526287294361511115e+00	1.000000000000000000e+00
6.959088567686004367e+00	6.677745103166298435e+00	1.000000000000000000e+00
2.433487707882439732e+00	7.114666690277216432e+00	1.000000000000000000e+00
2.939693692243230849e+00	3.196269633058493653e+00	1.000000000000000000e+00
8.943515126546074612e+00	9.048182534496834961e+00	1.000000000000000000e+00
2.208039491053591874e+00	9.333179496250680884e+00	1.000000000000000000e+00
5.282490133989314884e+00	1.176398748916401615e+00	1.000000000000000000e+00
8.938259574373736527e+00	3.770950436951943097e+00	1.000000000000000000e+00
4.913854161854521507e+00	1.082751007369708418e+01	1.000000000000000000e+00
1.681539465450716975e+01	1.842870320626435188e-01	1.000000000000000000e+00
8.039582956293150673e+00	4.158585942427933446e+00	1.000000000000000000e+00
2.974117203832145062e+00	1.335153712974246965e+01	1.000000000000000000e+00
6.905904662293757212e+00	2.616480420883742219e+00	1.000000000000000000e+00
7.316582538382251144e+00	7.583608647724891405e+00	1.000000000000000000e+00
3.477165654336796585e+00	5.481969557003294469e+00	1.000000000000000000e+00
2.972927908190909463e+00	6.301569360836750455e+00	1.000000000000000000e+00
6.423104872405684063e+00	7.949863126022981952e+00	1.000000000000000000e+00
5.146101230273883331e+00	7.370526424905700758e+00	1.000000000000000000e+00
4.178636719947716571e+00	3.716941703494215155e+00	1.000000000000000000e+00
7.863801789926088581e+00	6.319943469791720503e+00	1.000000000000000000e+00
2.703909869899883134e+00	8.485494917388411551e+00	1.000000000000000000e+00
3.441947998032512057e+00	1.917277769904799145e+00	1.000000000000000000e+00
9.680622579529797989e+00	5.613139330828059492e+00	1.000000000000000000e+00
1.533931883475743829e+00	1.156209327687160560e+01	1.000000000000000000e+00
4.962679572266885941e+00	4.329441573652730746e+00	1.000000000000000000e+00
1.003922543705295922e+01	6.541549485782735651e+00	1.000000000000000000e+00
1.092719798208134918e+01	1.826546477893822740e+01	1.000000000000000000e+00
5.088618084498246041e+00	3.351452998057713462e+00	1.000000000000000000e+00
4.233206698355184372e+00	7.693964330855341593e+00	1.000000000000000000e+00
2.691035426591199986e+00	4.913754312710063132e+00	1.000000000000000000e+00
4.360188745961942836e+00	1.543174300965503676e+00	1.000000000000000000e+00
8.574820387244271203e+00	8.133586418801387552e+00	1.000000000000000000e+00
5.838995606977565700e+00	9.180581472473500426e+00	1.000000000000000000e+00
9.313404696119224724e+00	4.691480599714112465e+00	1.000000000000000000e+00
7.669418850263727272e+00	8.486167889376554641e+00	1.000000000000000000e+00
3.567840521414643362e+00	9.449392956582775227e+00	1.000000000000000000e+00
5.688642707390055619e+00	6.132761018090614691e+00	1.000000000000000000e+00
7.233944585973674180e+00	1.110760011534428493e+01	1.000000000000000000e+00
3.522580016165444139e+00	1.217864439807232735e+01	1.000000000000000000e+00
1.564516049747028426e+01	1.618738028779552085e+00	1.000000000000000000e+00
9.494333986856013041e+00	7.788965017634508214e+00	1.000000000000000000e+00
2.052030728333583465e+00	3.590283786750219974e+00	1.000000000000000000e+00
7.137109198923842435e+00	4.511565372232198889e+00	1.000000000000000000e+00
3.249518297294746727e+00	7.626101184632074315e+00	1.000000000000000000e+00
2.553501662047920728e+00	1.243106201700190994e+01	1.000000000000000000e+00
6.524945115929803308e+00	1.701940525644590085e+00	1.000000000000000000e+00
3.666117120992072653e+00	8.501251889034042719e+00	1.000000000000000000e+00
1.077858250033133958e+00	7.434650537400592007e+00	1.000000000000000000e+00
6.233879903405125766e+00	4.870222167123542611e+00	1.000000000000000000e+00
6.549830694793861596e+00	9.852802747291615759e+00	1.000000000000000000e+00
4.908856022955228049e+00	9.479769153065664256e+00	1.000000000000000000e+00
2.526537206783954659e+00	2.311143676334280972e+00	1.000000000000000000e+00
6.776660649171536654e+00	8.885353118509108583e+00	1.000000000000000000e+00
2.821383719683295599e+00	1.147131527691805886e+01	1.000000000000000000e+00
3.823902781091570446e+00	2.814875002239493273e+00	1.000000000000000000e+00
9.120298952601959996e+00	6.873970708080640257e+00	1.000000000000000000e+00
5.607976549138562028e+00	1.286762621425108755e+01	1.000000000000000000e+00
4.723201713101165211e+00	2.448487381996969248e+00	1.000000000000000000e+00
4.610123979902101432e+00	8.586680971679909291e+00	1.000000000000000000e+00
5.330522232553586370e+00	5.228046235213446913e+00	1.000000000000000000e+00
3.254158758526059181e+00	4.117082114170572460e+00	1.000000000000000000e+00
5.515790992737285237e+00	8.267831772637844523e+00	1.000000000000000000e+00
1.611383041137740779e+00	6.593339896523013444e+00	1.000000000000000000e+00
1.461579107569319724e+01	7.783583025048645965e-01	1.000000000000000000e+00
6.299968593371946923e+00	1.081665218994963951e+01	1.000000000000000000e+00
1.912365319900403149e+00	7.941805670689083385e+00	1.000000000000000000e+00
5.626541954755117203e+00	2.094432895945645079e+00	1.000000000000000000e+00
7.449094845361728723e+00	1.015151240998985038e+01	1.000000000000000000e+00
3.520284786385505349e+00	1.080654605269467261e+01	1.000000000000000000e+00
1.475946915118500513e+01	2.092180132033244266e+00	1.000000000000000000e+00
8.018076738446378471e+00	9.384214417871394431e+00	1.000000000000000000e+00
4.912625898170550620e+00	1.217916958763343160e+01	1.000000000000000000e+00
1.695902831129998489e+01	1.498103776042275070e+00	1.000000000000000000e+00
5.607747656585612361e+00	1.150232046070471625e+01	1.000000000000000000e+00
1.375588606737399244e+00	8.767144184308609312e+00	1.000000000000000000e+00
1.592967247238479267e+01	6.576795618592947701e-01	1.000000000000000000e+00
5.605585383058881987e+00	1.014397744678717750e+01	1.000000000000000000e+00
3.824816792104305030e+00	6.800999819558335879e+00	1.000000000000000000e+00
6.595777536198628610e+00	5.774249011483242988e+00	1.000000000000000000e+00
6.330805940406415644e+00	1.215696125239486136e+01	1.000000000000000000e+00
4.212810359281449202e+00	1.150003340001317298e+01	1.000000000000000000e+00
1.549747056961915526e+01	1.858382520484389389e+01	1.000000000000000000e+00
8.414577122300041623e+00	1.031806170303960712e+01	1.000000000000000000e+00
