3.529689850025530706e+00	4.991397016640144457e+00	1.000000000000000000e+00
1.625018363373978092e+00	3.730773025113463426e+00	1.000000000000000000e+00
1.374781027688088564e+01	1.706873623058494971e+01	1.000000000000000000e+00
7.478156121021337199e+00	5.231866660920384327e+00	1.000000000000000000e+00
4.007357858609588597e+00	1.584585863763994418e+01	1.000000000000000000e+00
5.573507111814486770e+00	3.971795148697650379e+00	1.000000000000000000e+00
8.794265868105860307e+00	5.312299908752498467e+00	1.000000000000000000e+00
1.931515474789585518e+00	1.410210987228069435e+01	1.000000000000000000e+00
1.517190363013909327e+01	1.885479082730523714e+01	1.000000000000000000e+00
1.011029752924205560e+01	5.392876683751723910e+00	1.000000000000000000e+00
5.069147267148691682e+00	1.663712469450470977e+01	1.000000000000000000e+00
1.229407783322590042e+01	2.094334220408846647e+00	1.000000000000000000e+00
1.083808340382145374e+01	4.293427356341545043e+00	1.000000000000000000e+00
4.198954862312124447e+00	1.455746357229799415e+01	1.000000000000000000e+00
1.114771356241114475e+01	1.003298916066572488e+01	1.000000000000000000e+00
5.434277014595901178e+00	6.251305903551103604e+00	1.000000000000000000e+00
6.454348260568852247e+00	1.481045175070434894e+01	1.000000000000000000e+00
3.079304834547454295e+00	1.532390999476562543e+00	1.000000000000000000e+00
6.750512818418715533e+00	6.331375770176199680e+00	1.000000000000000000e+00
2.663292369127401749e+00	8.370899260783861706e+00	1.000000000000000000e+00
7.617350472926548655e+00	2.951943283411818886e+00	1.000000000000000000e+00
8.066679926091307351e+00	6.411780840563768180e+00	1.000000000000000000e+00
4.360560486992993923e+00	1.323389466116267421e+01	1.000000000000000000e+00
8.374457375573619800e+00	1.215156746448700176e+01	1.000000000000000000e+00
9.382755862828412674e+00	6.492383358305748864e+00	1.000000000000000000e+00
1.414071608896719212e+01	1.967704701651708632e+01	1.000000000000000000e+00
8.205799034223531407e+00	4.132282024645790308e+00	1.000000000000000000e+00
1.142637728392449503e+01	5.473643564854779875e+00	1.000000000000000000e+00
2.074274612954999597e+00	7.191068198409726442e+00	1.000000000000000000e+00
1.041938008011790551e+01	1.113266563011791455e+01	1.000000000000000000e+00
4.706543552451212697e+00	7.351146852084045946e+00	1.000000000000000000e+00
2.213463631608934445e+00	4.911127812782350333e+00	1.000000000000000000e+00
4.984849069084083872e+00	2.791908639682661786e+00	1.000000000000000000e+00
6.022876918348209152e+00	7.430824922622310424e+00	1.000000000000000000e+00
3.390657117788243191e+00	7.271103367398493056e+00	1.000000000000000000e+00
4.118182891861822625e+00	6.171255369628415366e+00	1.000000000000000000e+00
7.339099574061461517e+00	7.511152471494995098e+00	1.000000000000000000e+00
1.148328777147513247e+00	1.297993265345555614e+01	1.000000000000000000e+00
1.780743062963457746e+01	6.691744204081624403e+00	1.000000000000000000e+00
9.971154831537324625e+00	7.672526857688038326e+00	1.000000000000000000e+00
5.240684085714134355e+00	1.533488890204510824e+01	1.000000000000000000e+00
3.668675558939070491e+00	2.711919112237958895e+00	1.000000000000000000e+00
1.069892376348704488e+01	6.573037959184230949e+00	1.000000000000000000e+00
1.485633064184743946e+00	6.010793240624449751e+00	1.000000000000000000e+00
1.288213142163336400e+01	3.274853606346947110e+00	1.000000000000000000e+00
5.295394828811377685e+00	8.530300726337562978e+00	1.000000000000000000e+00
1.271650000944513081e+01	1.789108805771977018e+01	1.000000000000000000e+00
1.274244929409559823e+01	5.554776190663581303e+00	1.000000000000000000e+00
6.611589746057324746e+00	8.610376124450468183e+00	1.000000000000000000e+00
3.978807398044216015e+00	8.451535020460958947e+00	1.000000000000000000e+00
1.097771568449788049e+01	2.013602725300034813e+00	1.000000000000000000e+00
7.927492548665658667e+00	8.691227104717077268e+00	1.000000000000000000e+00
5.403635067431006966e+00	1.401907875776947421e+01	1.000000000000000000e+00
9.521966457248385751e+00	4.212792534476934136e+00	1.000000000000000000e+00
8.655131514553945138e+00	7.591833219039123115e+00	1.000000000000000000e+00
6.290259498244872738e+00	1.612449221893793805e+01	1.000000000000000000e+00
1.291299519360286396e+01	1.919520216374698407e+01	1.000000000000000000e+00
1.128764534499216587e+01	7.753079286443687934e+00	1.000000000000000000e+00
5.544168954372918456e+00	1.269105528457927612e+01	1.000000000000000000e+00
1.361062998249884437e+01	2.175669422666710151e+00	1.000000000000000000e+00
4.568675864829852884e+00	9.629929464903476344e+00	1.000000000000000000e+00
1.252006482201253768e+01	1.658687085118589621e+01	1.000000000000000000e+00
8.933563408967625463e+00	3.032698437964606253e+00	1.000000000000000000e+00
5.884516565331630034e+00	9.709740654535977455e+00	1.000000000000000000e+00
2.802072509132568445e+00	6.091180463642650089e+00	1.000000000000000000e+00
6.161989303944223728e+00	5.151623022915418737e+00	1.000000000000000000e+00
7.199730111929214971e+00	9.790622147497673566e+00	1.000000000000000000e+00
2.514583872002772669e+00	1.065082746800874069e+01	1.000000000000000000e+00
1.347059836214068795e+01	4.454985351692403839e+00	1.000000000000000000e+00
9.243392398650909669e+00	8.772038531174901621e+00	1.000000000000000000e+00
6.603182295937574331e+00	1.349123790614113005e+01	1.000000000000000000e+00
1.215417484423551997e+01	4.374217695378781023e+00	1.000000000000000000e+00
1.055951581248486981e+01	8.852701406509140725e+00	1.000000000000000000e+00
2.937157359435352166e+00	1.503961808513457044e+01	1.000000000000000000e+00
5.712583792228324242e+00	1.691946766424904380e+00	1.000000000000000000e+00
3.845158430673552008e+00	1.072849454044361828e+01	1.000000000000000000e+00
2.941230912398917763e+00	3.811384635973786850e+00	1.000000000000000000e+00
9.661255855062627518e+00	1.932991401965075573e+00	1.000000000000000000e+00
5.160453153077393829e+00	1.081054787635116199e+01	1.000000000000000000e+00
1.933074681372622727e+00	9.468073480032616729e+00	1.000000000000000000e+00
1.024982365445103838e+01	3.113310263807368194e+00	1.000000000000000000e+00
7.786648165835583946e+00	1.097107105641907410e+01	1.000000000000000000e+00
2.406324318301921394e+00	1.287148401741147730e+01	1.000000000000000000e+00
1.497545072993679227e+01	1.755061808697453074e+01	1.000000000000000000e+00
8.515442184981049323e+00	9.871554690044833436e+00	1.000000000000000000e+00
3.199374349496220127e+00	1.378614559088168612e+01	1.000000000000000000e+00
4.845847295757692130e+00	5.071529690906123378e+00	1.000000000000000000e+00
9.831350417980667444e+00	9.952309562287700473e+00	1.000000000000000000e+00
1.394417234763942837e+01	1.837284426903703505e+01	1.000000000000000000e+00
1.156596966962314710e+01	3.193968752027172009e+00	1.000000000000000000e+00
4.445462865534966390e+00	1.191849440258694059e+01	1.000000000000000000e+00
6.889689856905762966e+00	4.051959504177855997e+00	1.000000000000000000e+00
4.396056606590578397e+00	1.611784461786908151e+00	1.000000000000000000e+00
3.118221102341400375e+00	1.180648324211035494e+01	1.000000000000000000e+00
3.250125802999527025e+00	9.552571995028058538e+00	1.000000000000000000e+00
6.301101009384474594e+00	2.872023797594764005e+00	1.000000000000000000e+00
9.690992403796732546e+00	1.223225087228600572e+01	1.000000000000000000e+00
1.769636382345471048e+00	1.175935111274945655e+01	1.000000000000000000e+00
4.257417447079241413e+00	3.891744417526124877e+00	1.000000000000000000e+00
9.103000367198495368e+00	1.105182114560735585e+01	1.000000000000000000e+00
