6.681538547263327743e+00	5.874532807594483153e+00	1.000000000000000000e+00
2.588715780817111511e+00	3.444651221524940077e+00	1.000000000000000000e+00
7.348888587277850881e+00	3.679928932047928036e+00	1.000000000000000000e+00
7.935490993554306982e+00	6.252324484787357584e+00	1.000000000000000000e+00
1.626532256669126930e+00	4.352272496026504456e+00	1.000000000000000000e+00
9.308317413273561769e+00	1.899186950439864630e+00	1.000000000000000000e+00
8.904038721276037904e+00	6.328313294443619341e+00	1.000000000000000000e+00
3.503535673084498203e+00	7.306746791896062021e+00	1.000000000000000000e+00
6.381641341911337584e+00	4.585123267898770116e+00	1.000000000000000000e+00
9.870809334548692249e+00	4.488513709152787357e+00	1.000000000000000000e+00
1.530576270655551907e+00	1.388571078739852105e+01	1.000000000000000000e+00
1.056770489371647059e+01	2.304835222469326261e+00	1.000000000000000000e+00
1.111453077511766985e+01	4.894512725207222914e+00	1.000000000000000000e+00
1.590799437395286375e+01	1.527662588146885447e+01	1.000000000000000000e+00
4.516719623442281062e+00	1.631866913555470644e+00	1.000000000000000000e+00
5.732149645158203910e+00	6.782940224747284752e+00	1.000000000000000000e+00
4.213176805126927604e+00	3.449317250194332551e-01	1.000000000000000000e+00
6.084338758758430998e+00	3.298054311530532079e+00	1.000000000000000000e+00
7.005456991384318322e+00	7.165080395865688345e+00	1.000000000000000000e+00
3.197746849039492911e+00	6.019789908236424125e+00	1.000000000000000000e+00
1.609725895534257134e+01	1.396774704367815900e+01	1.000000000000000000e+00
9.538990016637612257e+00	7.007085450188588638e+00	1.000000000000000000e+00
1.579040311523695950e+00	9.119655070197522306e+00	1.000000000000000000e+00
1.280633247099619432e+01	1.823045150101456402e+00	1.000000000000000000e+00
7.640636299761178307e+00	4.966621746529628290e+00	1.000000000000000000e+00
3.453854694771390399e+00	1.207173874372754341e+01	1.000000000000000000e+00
1.084683233353386811e+01	3.598089461136059874e+00	1.000000000000000000e+00
1.014028707891030479e+01	5.808552915710373910e+00	1.000000000000000000e+00
1.505824339360258435e+01	1.314955677153261959e+01	1.000000000000000000e+00
1.154780329033956043e+01	1.417609799101967827e+00	1.000000000000000000e+00
6.042344371580725237e+00	8.067183332181249611e+00	1.000000000000000000e+00
1.984156404805828666e+00	8.697498129130080136e-01	1.000000000000000000e+00
4.719425582849543943e+00	1.245259829044388056e+01	1.000000000000000000e+00
7.318256678295612438e+00	8.442121635560670967e+00	1.000000000000000000e+00
6.648103244456721184e-01	5.259958796280785442e+00	1.000000000000000000e+00
1.883441751793927699e+00	1.040578233453101120e+01	1.000000000000000000e+00
8.573921051802582127e+00	8.840887777082672372e+00	1.000000000000000000e+00
4.112530565207346278e+00	9.878287882709233969e+00	1.000000000000000000e+00
3.552520048144470532e+00	2.538042063031320072e+00	1.000000000000000000e+00
1.051679378114309671e+01	7.081147201632267851e+00	1.000000000000000000e+00
2.492294978178386078e+00	1.297862723913919858e+01	1.000000000000000000e+00
1.378667707672107134e+01	9.356269366802195675e-01	1.000000000000000000e+00
1.143669247486810647e+01	6.163902892445216608e+00	1.000000000000000000e+00
1.835585140778905444e+00	1.517239181947896220e+01	1.000000000000000000e+00
1.028919027210404913e+01	1.012154313254333138e+00	1.000000000000000000e+00
4.771606025369346860e+00	7.687315997084199992e+00	1.000000000000000000e+00
9.208454329203957789e-01	1.131235724975022983e+01	1.000000000000000000e+00
1.406496981221067877e+01	2.228502957840235776e+00	1.000000000000000000e+00
8.300838676392881865e+00	7.527096365854801796e+00	1.000000000000000000e+00
2.236550415713809858e+00	6.926483278856035319e+00	1.000000000000000000e+00
4.157738527442843335e+00	5.112553807221679847e+00	1.000000000000000000e+00
8.865392585174646456e+00	1.013526963386638613e+01	1.000000000000000000e+00
3.149930285444654476e+00	1.078520099932423193e+01	1.000000000000000000e+00
1.252789887568006044e+01	5.301964135724483995e-01	1.000000000000000000e+00
9.550699082255366790e+00	7.978072011965341659e+00	1.000000000000000000e+00
2.187599951283919264e+00	1.169208949441284062e+01	1.000000000000000000e+00
8.897514627225534767e+00	5.351727776278633719e+00	1.000000000000000000e+00
1.178057858449777306e+01	7.451017748113566874e+00	1.000000000000000000e+00
1.274553860138375239e+00	7.833319364243106264e+00	1.000000000000000000e+00
5.421271867408764322e+00	5.493404031868965198e+00	1.000000000000000000e+00
4.464263772319785772e+00	6.400868669961695012e+00	1.000000000000000000e+00
8.610851901273624875e+00	4.070092271999135924e+00	1.000000000000000000e+00
2.892598128316539174e+00	4.732148174471336510e+00	1.000000000000000000e+00
6.345328342263300669e+00	9.349524391352250774e+00	1.000000000000000000e+00
9.697170870664515441e-01	6.546770599439716953e+00	1.000000000000000000e+00
1.207569730909909644e+01	8.744941621865105930e+00	1.000000000000000000e+00
7.606228130422777234e+00	9.737689080670994812e+00	1.000000000000000000e+00
2.845903346128593192e+00	9.498992429194183629e+00	1.000000000000000000e+00
6.748268514774069970e+00	1.107330404083808117e+00	1.000000000000000000e+00
9.840734076530811336e+00	9.255479061378084182e+00	1.000000000000000000e+00
5.686677090246956556e-01	1.479304994105246962e+01	1.000000000000000000e+00
9.587941688823338637e+00	3.190945709763676419e+00	1.000000000000000000e+00
1.081516011189214055e+01	8.361590605278472310e+00	1.000000000000000000e+00
2.637356141775936691e-01	1.350620441880004208e+01	1.000000000000000000e+00
5.784048546265793789e+00	2.012178593585094433e+00	1.000000000000000000e+00
5.378439187430460677e+00	1.025712105691675724e+01	1.000000000000000000e+00
5.119219517382635587e+00	4.204881987200777438e+00	1.000000000000000000e+00
3.250171859907715177e+00	1.251223805299265468e+00	1.000000000000000000e+00
5.076720761038793661e+00	8.971875836731104670e+00	1.000000000000000000e+00
3.854568489151431798e+00	3.824865361910023687e+00	1.000000000000000000e+00
2.286434287927209041e+00	2.157242243555810290e+00	1.000000000000000000e+00
7.898652672956608889e+00	1.103150963961903841e+01	1.000000000000000000e+00
2.541494423331649433e+00	8.212933027011148468e+00	1.000000000000000000e+00
1.182617340492015323e+01	2.710294510297142079e+00	1.000000000000000000e+00
1.012607501633004681e+01	1.054361320274434100e+01	1.000000000000000000e+00
1.225652777578928099e+00	1.259906808132183009e+01	1.000000000000000000e+00
7.053003262060494549e+00	2.394060554798710605e+00	1.000000000000000000e+00
1.110468895781739285e+01	9.649656987745373726e+00	1.000000000000000000e+00
2.797607608462378881e+00	1.426497413657268787e+01	1.000000000000000000e+00
4.818601542882250399e+00	2.918110393918067036e+00	1.000000000000000000e+00
4.416044873520326597e+00	1.116485536714409754e+01	1.000000000000000000e+00
1.486894754122267237e+01	1.445844866790540451e+01	1.000000000000000000e+00
1.308451270148874279e+01	3.116011031103302908e+00	1.000000000000000000e+00
5.681125959416529092e+00	1.154563540116081022e+01	1.000000000000000000e+00
1.931457966564431805e+00	5.639554913987097073e+00	1.000000000000000000e+00
1.271216116220164238e+01	6.512510116348222411e+00	1.000000000000000000e+00
6.640416821325785257e+00	1.063823926518454321e+01	1.000000000000000000e+00
3.808718293759465023e+00	8.592669026243564545e+00	1.000000000000000000e+00
8.322766512559137908e+00	2.781695568314693112e+00	1.000000000000000000e+00
1.138736689629078036e+01	1.094131925264844618e+01	1.000000000000000000e+00
