-3.189389515994989210e+02
-3.280718289772116805e+02
-2.953662409453830264e+02
-3.349103283150232642e+02
-3.041600226860592784e+02
-3.094581273878603724e+02
-2.891898604109543953e+02
-3.281592517518869840e+02
-2.795587927639249415e+02
-3.019169919003232394e+02
-3.041340446325123139e+02
-2.950476216325052974e+02
-3.019514882730057366e+02
-3.094491211080544986e+02
-2.872418328890306611e+02
-3.208775769333366839e+02
-3.063172498147119995e+02
-3.367617939468194095e+02
-3.024920532962200355e+02
-2.882012128591471196e+02
-3.012526904974691888e+02
-2.848666872567947621e+02
-2.927283251784686513e+02
-3.223853496991586667e+02
-3.092196419179086888e+02
-2.890640909837730987e+02
-2.880406101408362360e+02
-3.012014985978891559e+02
-3.084955261725580726e+02
-3.071630843756698823e+02
-3.039199124054674144e+02
-3.235867476761314947e+02
-3.357833164884833650e+02
-3.095693386062223453e+02
-3.210599111436877138e+02
-3.114246535705733550e+02
-2.955587533191105649e+02
-3.286450324427263467e+02
-2.876009135129208971e+02
-3.044109724829186803e+02
-3.158665188997012478e+02
-3.029804154237889406e+02
-3.118552708696504396e+02
-3.361656972403147279e+02
-3.038890926679070503e+02
-2.872652093615536160e+02
-3.171461530330167307e+02
-3.220403723189158427e+02
-3.125877504656552333e+02
-3.299615122199676875e+02
-3.091252415322804836e+02
-2.963357926672002804e+02
-3.051548697948589961e+02
-3.099047342962759330e+02
-3.204214310026637804e+02
-3.069716262759050096e+02
-3.078246834479726886e+02
-2.785536682082969264e+02
-3.148442159297213152e+02
-3.023561970459649615e+02
-2.879352958940293092e+02
-3.335052101951010854e+02
-3.176931505352836780e+02
-2.911512340356256914e+02
-3.025295089358755263e+02
-2.870665216970592724e+02
-3.092351775275928958e+02
-3.084723027713382635e+02
-3.160089512437867256e+02
-3.191719498741296093e+02
-3.118848434886356245e+02
-3.085165419488309908e+02
-3.275088956332562589e+02
-2.943864286448863936e+02
-3.313642278197090718e+02
-3.098947950413872263e+02
-3.028123878312031820e+02
-3.370153855906705758e+02
-3.031249287533573238e+02
-3.290401484402793244e+02
-3.029160599956213105e+02
-3.064585756134014218e+02
-3.441834242395264596e+02
-3.223819939482125392e+02
-3.026032118757612466e+02
-3.100332375415312072e+02
-3.154192175810593426e+02
-3.125159985492746841e+02
-3.063297488355410678e+02
-2.995957302581348358e+02
-3.151931387302165604e+02
-3.073323176513105182e+02
-2.214797822695395553e+02
-3.115825094967846667e+02
-3.109566603541028371e+02
-3.389543644986208619e+02
-3.172717676761574808e+02
-3.188774670088886865e+02
-3.039404075684397526e+02
-3.190764344846402878e+02
