-3.155502982321070249e+02
-3.068892442444421818e+02
-3.054628248934666317e+02
-3.034284584503783435e+02
-2.972495367535047990e+02
-2.916574845537276133e+02
-3.139844129364151399e+02
-3.322675721770916653e+02
-3.109416153670513836e+02
-2.836446999897045771e+02
-3.278192462780780261e+02
-3.036823208153719520e+02
-2.879372076508682312e+02
-2.809752601886984280e+02
-3.235957280379904546e+02
-3.076700556870007972e+02
-3.076576504985769702e+02
-3.037080967883416633e+02
-3.154291158832116366e+02
-3.015345987869718556e+02
-2.349315019104210194e+02
-3.278760768770280265e+02
-2.940474781829698259e+02
-3.526751472182240832e+02
-3.210091619131567313e+02
-2.917887329398652128e+02
-2.884546985461615236e+02
-2.933577071431856211e+02
-3.161106461427160639e+02
-3.081802610471190178e+02
-2.891312332549861708e+02
-3.005867295129452827e+02
-3.079536001245712669e+02
-2.876158410602858453e+02
-2.958965929477695340e+02
-3.433785589375701193e+02
-2.905786118051692597e+02
-2.937638913167248802e+02
-3.034175039028674519e+02
-2.971594722112424165e+02
-3.020725423116082879e+02
-3.135516890287614160e+02
-3.117869490854936316e+02
-3.089224371992094120e+02
-3.007338979479276304e+02
-3.179923946521627727e+02
-2.567481287875401677e+02
-3.039349854672553874e+02
-2.869812552159132792e+02
-3.003102722303823953e+02
-3.259373596459469695e+02
-3.121094760248084299e+02
-2.841568456719419373e+02
-2.860259376480914852e+02
-3.088362222842948768e+02
-3.063398257423894506e+02
-2.984105894345012189e+02
-3.305199176747722163e+02
-3.147611163075116565e+02
-3.316505837286272822e+02
-3.216706258926454325e+02
-3.193419867917253328e+02
-3.274463089603734147e+02
-3.148557101429912564e+02
-2.824293714350037021e+02
-2.982373607419605150e+02
-2.950753803613230843e+02
-3.426523103764293978e+02
-3.102341907809014856e+02
-3.026380928836635462e+02
-3.187247953846032260e+02
-3.094032172516178889e+02
-3.286340300099128626e+02
-2.953877232386893752e+02
-3.063891003586538204e+02
-3.099606738536049306e+02
-3.424247725855777276e+02
-3.146929159505701818e+02
-2.959362408521492966e+02
-2.906232200514098736e+02
-3.095512395543839261e+02
-2.743544720240695938e+02
-2.972911431630980132e+02
-3.019098398569045116e+02
-3.196699706159007519e+02
-3.078640334778653482e+02
-3.140207731562849744e+02
-3.321700078593148646e+02
-2.928250029881078262e+02
-3.023970302157504193e+02
-2.835583622739200678e+02
-3.274778660305773883e+02
-3.058005559663067743e+02
-3.098407495651337058e+02
-2.729192493338845225e+02
-2.958855608989175039e+02
-2.943321609573249589e+02
-2.943206303068031389e+02
-3.153256856858246238e+02
-3.070140166521911169e+02
