-3.073263480687056131e+02
-3.213739211014114971e+02
-3.059911923258339357e+02
-3.432574844489988664e+02
-3.497811982320068296e+02
-3.034727195445559005e+02
-3.087236994171843776e+02
-2.949793659994835480e+02
-3.093413257433662693e+02
-2.854421382682936610e+02
-3.312953090186359191e+02
-3.318888068418097532e+02
-3.095822653055059845e+02
-3.351103918678541049e+02
-3.130723504206475241e+02
-3.157986888228694511e+02
-3.309395734953384363e+02
-2.864927950422205640e+02
-3.125272819239197020e+02
-2.838184281497532879e+02
-3.147446638561754639e+02
-2.883728215306219909e+02
-3.230147178073604550e+02
-3.056076624142152127e+02
-3.073294231141327373e+02
-3.341265256014571037e+02
-3.079788248362161198e+02
-3.231741976434806247e+02
-3.070085095778695177e+02
-3.020527597688173955e+02
-3.068933383688708432e+02
-2.937373498806082921e+02
-3.070372876685941037e+02
-2.872314059699201039e+02
-2.930150113098559359e+02
-3.004563707185065482e+02
-2.888945466813307803e+02
-3.074335802957268697e+02
-3.004488852991060526e+02
-2.817903675289974217e+02
-3.140067274572772931e+02
-3.270957347852261705e+02
-3.092887640769152426e+02
-2.998182978784760735e+02
-3.123387785864293846e+02
-3.113834041859473132e+02
-3.258379791674797161e+02
-3.203667976453851338e+02
-3.038733963652492207e+02
-2.984104025994576546e+02
-2.959855360059784743e+02
-3.069753181646436815e+02
-2.891753004762691717e+02
-3.388960977810874624e+02
-3.086333617842311696e+02
-3.193478841565104744e+02
-2.992748538515511427e+02
-2.763851660560402479e+02
-3.113344671805799067e+02
-2.975828471918500782e+02
-3.200186502142420863e+02
-3.030062711944032685e+02
-3.104375795761836798e+02
-3.185421197731297980e+02
-2.837783793063305779e+02
-3.085300398853814841e+02
-2.971582305466271237e+02
-2.723125412088905932e+02
-2.840059849501233771e+02
-2.915673761409520353e+02
-2.978699893136819696e+02
-3.024698836038975855e+02
-3.373610322762673945e+02
-3.293824644883817427e+02
-2.903645820219250595e+02
-2.988385974968073242e+02
-2.615727168482568459e+02
-3.293928555597009904e+02
-2.840239129085732657e+02
-2.973741777690561321e+02
-2.901568733824847754e+02
-3.355684420785280508e+02
-3.126813942217322051e+02
-2.192769527912079184e+02
-3.038224303070307997e+02
-2.868504631379614693e+02
-3.058667921444220497e+02
-2.873315734123540892e+02
-2.994317480702707712e+02
-3.332293861841366720e+02
-3.171877950372822283e+02
-3.108166510791932637e+02
-3.054439076406393383e+02
-2.913676829034313300e+02
-2.897227553008668792e+02
-3.245215798214986762e+02
-3.042243436383153607e+02
-2.922473982504646415e+02
-3.027054413177821743e+02
-3.257996211823244721e+02
