-3.204693431718445140e+02
-3.246513112919104174e+02
-2.899591045382544507e+02
-2.959212355760270157e+02
-3.084521102182156369e+02
-2.963358572827458488e+02
-3.121652937407670265e+02
-3.226662060855680352e+02
-3.162278522035931019e+02
-3.019682061572281100e+02
-3.069434174471332426e+02
-3.190173185962711386e+02
-3.025581049693352043e+02
-2.949958956918382569e+02
-2.919715666789665534e+02
-3.439825261673022396e+02
-3.380158417608675450e+02
-3.161688375020547142e+02
-2.839546761854888928e+02
-3.238561092352145465e+02
-3.470596236763578304e+02
-3.100134033336026391e+02
-2.977187191564524937e+02
-3.345906714510944653e+02
-3.204829993569996418e+02
-3.223485683608569730e+02
-2.922778903220272468e+02
-3.265683188080700461e+02
-3.300640593796811117e+02
-2.678076016930438072e+02
-3.223119710678885212e+02
-3.322478096637381100e+02
-3.327932816579710789e+02
-3.157709277697030643e+02
-3.109448314577442147e+02
-2.829759331102530382e+02
-3.223801858733704080e+02
-3.087345648154040418e+02
-3.372853665021796701e+02
-2.914099588548181146e+02
-2.960687372905481425e+02
-3.159085484635609760e+02
-3.340715409691621858e+02
-3.015249267864307967e+02
-3.065003060361371467e+02
-2.993341746585742840e+02
-2.510955092303507001e+02
-2.930327394008677402e+02
-3.153798721507707796e+02
-3.208876024995727221e+02
-3.109069064556225612e+02
-2.957230123977726066e+02
-2.921506664978582535e+02
-2.806511638155786272e+02
-3.245573876288297015e+02
-3.100510248466882217e+02
-3.043952877743902832e+02
-3.405253421949615245e+02
-3.184155779150173657e+02
-3.086202228019024574e+02
-3.584521301234662474e+02
-3.007748719547809060e+02
-3.066986520018904798e+02
-3.117312692411225612e+02
-3.046510101906500267e+02
-3.190660831752172157e+02
-3.083132377085738085e+02
-3.312771610521509160e+02
-2.899706770310407933e+02
-3.190428629715730722e+02
-3.354351617387516740e+02
-3.118170349735220270e+02
-2.587593206182685321e+02
-2.912410995573143850e+02
-3.235937546355899599e+02
-2.920169032088716108e+02
-3.047031720818983445e+02
-3.362680230476294696e+02
-2.876072136791813705e+02
-3.517358756447908945e+02
-3.032562555834822433e+02
-2.950051377790555307e+02
-3.178703389877059067e+02
-3.122716008379360915e+02
-3.148474161977887888e+02
-3.370527389234561042e+02
-3.047169417145966008e+02
-2.916506486459413736e+02
-3.045968522203531279e+02
-2.738868719560317686e+02
-2.934958543175731052e+02
-3.244787409724128793e+02
-3.166808861139884357e+02
-3.097559809561369661e+02
-3.061508573733059961e+02
-3.315992839208532246e+02
-3.079989634046333435e+02
-2.917922634115471965e+02
-3.262589633176313555e+02
-2.941847698738495751e+02
