-2.997794746239880510e+02
-3.158370808846903515e+02
-3.098539802135761647e+02
-3.214130036316960286e+02
-2.909095370498427542e+02
-3.119885530648488725e+02
-2.939150015168505092e+02
-3.098811446573341755e+02
-3.079901080411457883e+02
-2.930361378966229609e+02
-3.182946752721729240e+02
-2.852057382173600217e+02
-3.003602197035816630e+02
-3.288508089559967971e+02
-3.016575460120818661e+02
-3.004935257945651870e+02
-2.652399366401862153e+02
-3.085853878570059123e+02
-3.024730267536465931e+02
-2.949205269693874243e+02
-3.159921453613059157e+02
-2.852988006330612620e+02
-3.194105078076707969e+02
-2.823600952981613545e+02
-3.095922993042925100e+02
-3.180023432242047647e+02
-3.071972770132668415e+02
-3.105331596536633469e+02
-2.947859663208917027e+02
-2.981241511300953562e+02
-3.206113786061484348e+02
-3.016274683329959316e+02
-3.143130266186096264e+02
-3.178314064451901118e+02
-3.137744056452235668e+02
-3.003706746030139811e+02
-2.762764373021310575e+02
-3.108461305421616885e+02
-3.158413196106935175e+02
-3.298182334686659374e+02
-3.122482754003165724e+02
-3.116558498896283709e+02
-3.093981947191359154e+02
-2.910666049038133565e+02
-2.841411871189220619e+02
-3.264026670855636212e+02
-3.006622302486239846e+02
-2.910896098982732951e+02
-3.113310066709478861e+02
-2.990605948225314137e+02
-3.154265740057188623e+02
-2.994312641587131338e+02
-2.901332943583200858e+02
-3.222812563426310817e+02
-3.110812541389649937e+02
-3.199850618529006283e+02
-2.890786192533813050e+02
-2.972272760665213696e+02
-3.038991524075960911e+02
-2.940568129163480080e+02
-3.145908014530373862e+02
-3.096444411974337072e+02
-3.066258891303558016e+02
-2.955491503520149763e+02
-3.109427024668843274e+02
-2.945955295289195988e+02
-3.055036548770020772e+02
-3.262482968818439417e+02
-3.067706835400373961e+02
-3.257523319333104155e+02
-3.160229878952963531e+02
-3.427919072979909743e+02
-3.085899460549213131e+02
-3.198640486001365275e+02
-2.914003353173739015e+02
-3.019813810930058366e+02
-2.913686900588568278e+02
-3.408420100598596036e+02
-3.047958221382506849e+02
-3.066869672071247805e+02
-3.000102510065514707e+02
-3.451137031500020385e+02
-2.793954766155000016e+02
-3.148057341111326650e+02
-2.661296079556878453e+02
-2.962336805288836672e+02
-3.138995858698660868e+02
-3.137863552258509117e+02
-2.844855034321268477e+02
-3.139651091032549743e+02
-2.952573915660493071e+02
-3.022531063958718960e+02
-2.775801417041358832e+02
-3.432356065878174718e+02
-3.025355926541446934e+02
-3.301055075696456811e+02
-3.340862150917120061e+02
-2.928091591897995158e+02
-3.090988955539563676e+02
-3.172486159878053513e+02
