-3.013324821276509624e+02
-2.895219307797838724e+02
-2.488260969516646242e+02
-2.958784437294557392e+02
-3.011901572946904366e+02
-3.162028424709283172e+02
-3.115085120739095714e+02
-3.187000789563614376e+02
-3.306907023343867422e+02
-2.701504704141682964e+02
-2.926393264639312406e+02
-3.097203658502186840e+02
-2.874244177323623717e+02
-3.098595942157587046e+02
-3.040406320923221983e+02
-2.939276589651242375e+02
-3.108542106798370810e+02
-3.136656413688044722e+02
-3.212634281425674772e+02
-2.902817066932000785e+02
-3.077365395821619245e+02
-3.121396475384722180e+02
-2.720872685306746348e+02
-3.101067681807104464e+02
-3.242457992849011816e+02
-3.013689465676598047e+02
-3.222995017670592119e+02
-3.081795316961802200e+02
-2.799449688429183993e+02
-2.896055110370206194e+02
-2.946679326464936821e+02
-3.166857625530033715e+02
-3.177239406558334167e+02
-3.023242245720760479e+02
-2.964928827660890533e+02
-3.222210174484727645e+02
-3.132405966759661737e+02
-3.371049954076025870e+02
-3.164637889624565901e+02
-3.243648262821300250e+02
-3.214821360497770684e+02
-3.016883287125934885e+02
-2.866334754327067458e+02
-3.085078029186491335e+02
-2.707827509031292266e+02
-3.053647798779846312e+02
-3.455976711706720721e+02
-3.182146210734877059e+02
-2.775593893741723264e+02
-3.106630996474256676e+02
-2.909465096511611932e+02
-3.222473916390065938e+02
-2.956679351704222540e+02
-3.220551618099162283e+02
-2.867270407576856996e+02
-3.052669118831055357e+02
-3.134981525831761928e+02
-3.173435534230892472e+02
-3.104847938902142914e+02
-3.022790933310466244e+02
-3.277208613450785606e+02
-3.080030552656805867e+02
-3.365911437982848042e+02
-3.088635057649185001e+02
-2.926654103097689585e+02
-3.033827330496703780e+02
-2.964925999399582111e+02
-3.003372279356415220e+02
-3.398977855782867437e+02
-2.966820771876338654e+02
-3.034094309635597710e+02
-3.228422255788579491e+02
-3.121409608476176345e+02
-2.851288580337973144e+02
-3.212774316525221252e+02
-3.038526031835094159e+02
-3.185159275640934879e+02
-3.158832125883878916e+02
-3.093725186402885470e+02
-3.059658667460539618e+02
-3.042624700921933822e+02
-2.891396422121118235e+02
-2.990321431195264381e+02
-3.193760008086705966e+02
-3.202262944419405244e+02
-2.955339639198370492e+02
-3.099231118690370863e+02
-3.143171930999889128e+02
-2.962584967209218689e+02
-3.142966489205990683e+02
-2.901113088961643598e+02
-3.277850457738547334e+02
-3.005242673478488200e+02
-3.018140187318256267e+02
-3.075227418751579194e+02
-3.138326823223580391e+02
-3.154539915309089224e+02
-3.281507398035353162e+02
-3.314021633130756754e+02
-2.606872943526722111e+02
