-3.133351672354405650e+02
-3.161298897400916417e+02
-2.948974712024792098e+02
-2.699506273427708152e+02
-3.007068469142118943e+02
-3.264193166728425126e+02
-3.210744046127127262e+02
-3.087184635494469944e+02
-3.031070965816636544e+02
-2.949145111830835617e+02
-3.363572284029893922e+02
-2.937882188781824198e+02
-2.932773219465711350e+02
-2.945126397083891447e+02
-3.222276163430177576e+02
-3.166931763304727951e+02
-3.198479206058014483e+02
-3.224964635402179738e+02
-3.311682210791419720e+02
-3.094206841765274021e+02
-3.068000038043478526e+02
-3.221756239201555445e+02
-3.158141454925714697e+02
-3.488722541531729462e+02
-3.161653564740298066e+02
-2.940780634224109349e+02
-3.127949420018647402e+02
-3.300862337207619248e+02
-2.727342108463877821e+02
-2.877667480558725970e+02
-3.241106519011293585e+02
-2.936708300522374202e+02
-2.977773488470322718e+02
-2.977848095280836560e+02
-2.897120412076582738e+02
-3.269091127215465349e+02
-3.083091763084266290e+02
-3.099985627791606362e+02
-3.154120116723215119e+02
-3.189964672245372412e+02
-3.127853959930478140e+02
-3.370880242858847851e+02
-3.184229415757627635e+02
-2.947201255875422135e+02
-3.182035706929855223e+02
-3.056536929055139922e+02
-3.062363925442167556e+02
-3.142218097082666191e+02
-3.363414457047142037e+02
-3.069045388644168497e+02
-3.093579503824801691e+02
-2.934416794510777322e+02
-2.974548447167519498e+02
-3.041544138754220512e+02
-2.919109656056749600e+02
-3.299328263692482324e+02
-3.211080399435221011e+02
-3.129905997374053186e+02
-3.118034990810271552e+02
-3.018217118417352367e+02
-2.993754805511766790e+02
-3.112202360428149746e+02
-3.237781712926648652e+02
-3.138881120185087070e+02
-3.059677486831541273e+02
-3.226364393837550324e+02
-3.031905548672030477e+02
-3.010269226702718584e+02
-3.144926236138028912e+02
-3.085084763847460181e+02
-3.189900576948259072e+02
-3.273670975418368130e+02
-3.070821418163725411e+02
-3.125709109829462022e+02
-3.377685986325569161e+02
-2.878322396353544832e+02
-3.139660289541783982e+02
-3.413232318206182754e+02
-3.212589031885241297e+02
-3.163540891498961400e+02
-2.862121052439550226e+02
-3.163660708234060053e+02
-2.865492592657991509e+02
-3.092584332766411421e+02
-3.023786136128576345e+02
-3.317136766960016985e+02
-2.966265354595543613e+02
-3.085864744925344780e+02
-2.888021305140798631e+02
-2.880779098188592116e+02
-2.895803983367872547e+02
-3.102805146975902062e+02
-3.122626296739767895e+02
-3.034321537896070708e+02
-3.224407461226278429e+02
-3.096127989249579286e+02
-2.979685515387304804e+02
-3.235805143938292190e+02
-3.247457941232162284e+02
-2.842150819897428278e+02
