-2.302292174362839603e+02
-3.236462419672558326e+02
-3.082997342391130360e+02
-2.995647222604246736e+02
-3.047224550935285379e+02
-3.157279990261197327e+02
-3.209681691704759601e+02
-3.212378952714794309e+02
-3.217904457960419222e+02
-2.837747692673063398e+02
-3.067418804493738662e+02
-3.010081967481120273e+02
-3.304710485090943166e+02
-2.987682546804538219e+02
-3.184644225721124826e+02
-3.075570542766486142e+02
-2.885897929299410407e+02
-3.000207786347777983e+02
-2.981487998968975717e+02
-2.961666353701428420e+02
-2.905742447020350028e+02
-3.101861667672288263e+02
-2.950707944584780194e+02
-3.027956154926594081e+02
-3.019475067523378584e+02
-3.110687228772429762e+02
-3.064366015082289891e+02
-3.268981221106011503e+02
-3.065457961351295921e+02
-3.063418876711996290e+02
-2.980719907580227641e+02
-3.040660945818054302e+02
-3.212474783634278310e+02
-3.009696507515553208e+02
-3.110073679121765622e+02
-3.367632911632360333e+02
-3.037617598663075000e+02
-2.960862177595714115e+02
-3.109242325232736448e+02
-3.174839654150907791e+02
-3.204140445503479100e+02
-3.058959851972260253e+02
-2.837344286637089681e+02
-2.979852408691110668e+02
-2.922291490385489965e+02
-3.094819981024149911e+02
-3.136962649656254598e+02
-3.094310307937246876e+02
-2.843092884954758688e+02
-3.039778276692813961e+02
-3.116042376806486232e+02
-2.996107043112034489e+02
-2.953281524951854067e+02
-3.392579298222522084e+02
-3.173766717935963015e+02
-3.167516813755126464e+02
-3.026849640107112691e+02
-3.147225838999577832e+02
-3.165294531402872167e+02
-3.060558231653414509e+02
-2.925600733573642174e+02
-2.930405190089613825e+02
-3.100102282937031077e+02
-3.149395742089014334e+02
-3.187134400954371927e+02
-3.164476288953860035e+02
-2.833391534568365842e+02
-3.077217674860725083e+02
-2.978311466503968177e+02
-2.915658614157712805e+02
-3.314018770858164089e+02
-2.963963809408961083e+02
-2.938749016316551206e+02
-3.145929170199546547e+02
-2.884266437349118632e+02
-3.046738019774638246e+02
-3.096216654980231056e+02
-3.202677217377007537e+02
-3.183913412985001514e+02
-3.115845952489702313e+02
-3.154173717590861088e+02
-3.043267584276799766e+02
-3.047027017649252798e+02
-3.282528953649328969e+02
-3.103138778848180550e+02
-3.111615298800422238e+02
-2.945009044035865600e+02
-3.345843709166621238e+02
-3.248809464115685728e+02
-2.936547891855423700e+02
-3.173790780906267059e+02
-3.207753768450364191e+02
-3.012205999777054330e+02
-3.079359723394240973e+02
-3.279535671292025540e+02
-3.127641129590121523e+02
-3.001694443767863163e+02
-2.858385924677013463e+02
-2.926016007983672580e+02
-3.094280223822823359e+02
