-3.112230888733732854e+02
-3.152052941245382272e+02
-2.962929046414056415e+02
-2.706843750470308123e+02
-2.769289128572790446e+02
-3.206840232378055475e+02
-3.023342666535191938e+02
-3.057315994604925891e+02
-2.514433222254791929e+02
-3.228755444318928767e+02
-2.914464699127397012e+02
-3.103799113944843384e+02
-3.056751022810188374e+02
-3.386034917786076903e+02
-2.959790972119955654e+02
-3.156736715388980201e+02
-3.082109961215048202e+02
-3.142079289888847597e+02
-3.082412095792571449e+02
-3.036679167005648310e+02
-3.265136952116969269e+02
-3.153639773111310660e+02
-3.214452553908964205e+02
-3.267217787093823063e+02
-3.323783541706666256e+02
-3.135589811174880310e+02
-2.905231111016049113e+02
-3.255367820955128195e+02
-2.972969310703902011e+02
-3.364938606469023625e+02
-3.229630508870840231e+02
-2.911016402127117431e+02
-3.124255109537064641e+02
-3.038326946400468955e+02
-3.046468324574677240e+02
-3.126510134353652006e+02
-3.183490993913689522e+02
-3.275184022746437336e+02
-2.993973704527925861e+02
-2.926055722069358467e+02
-3.258194225942261255e+02
-2.982731637790603259e+02
-3.092363176110441145e+02
-2.961482898498638292e+02
-3.311408254190877756e+02
-3.121859934248079753e+02
-3.046100532350778280e+02
-3.112491503281427185e+02
-3.085326971093289785e+02
-3.358424222612192125e+02
-2.935238649880635649e+02
-3.178755903810332484e+02
-3.062384517266420971e+02
-3.014531602553668108e+02
-3.093288682734243480e+02
-3.275082453103821081e+02
-2.939715970558201548e+02
-3.223985511025131814e+02
-3.074272950934474693e+02
-2.908655152330713349e+02
-3.060419065068537634e+02
-2.931685384962376588e+02
-3.441719340595135463e+02
-3.362620560996033419e+02
-3.386684267469299812e+02
-2.945000046517823193e+02
-2.960559129874916380e+02
-2.913973099085178546e+02
-3.300641321217920563e+02
-2.802902844895364183e+02
-3.174942440281637914e+02
-3.028504832522853008e+02
-3.072483797311351168e+02
-3.010762921288418852e+02
-2.781718748322591637e+02
-3.020159353434353875e+02
-3.131475049025587509e+02
-3.203347817481492825e+02
-2.612017068500829851e+02
-3.241110016790560735e+02
-3.093046439080189316e+02
-3.087282230980727036e+02
-3.073058697988964809e+02
-2.886016944551751635e+02
-3.129453746570661679e+02
-3.127036532618201363e+02
-3.143941488950523535e+02
-3.246119665830563008e+02
-2.864813732521946577e+02
-2.586807766899887042e+02
-2.894030149585695426e+02
-2.678668831475662842e+02
-3.015288825189200566e+02
-3.333942041716750850e+02
-2.934896996628563102e+02
-3.241477276935546570e+02
-3.073895610139126120e+02
-2.947860461317779937e+02
-3.203894365026047240e+02
-3.082542940627160419e+02
