-2.963222658500626494e+02
-3.122704494921503624e+02
-3.355378257958740278e+02
-2.800733476963713997e+02
-2.853109276082914221e+02
-2.907636246804861457e+02
-3.038045092689262674e+02
-3.133878534451241080e+02
-2.946191667548625901e+02
-3.043534928507968971e+02
-3.091404012157988177e+02
-3.113845926593450599e+02
-2.975548525527727861e+02
-3.230860110311473363e+02
-3.204131601761264960e+02
-2.806316693957436996e+02
-2.658804210242440149e+02
-2.982364796446509558e+02
-3.161961222386435679e+02
-3.015343665312813073e+02
-2.995748014017160017e+02
-3.161339264159864229e+02
-2.797662565938637727e+02
-2.914237598407713108e+02
-3.453968576616898076e+02
-3.122081766469911486e+02
-2.856102715899647819e+02
-3.124723383349416395e+02
-3.081269194185550759e+02
-3.102589744914479297e+02
-3.249397209832454223e+02
-3.130662335693197065e+02
-3.284738342710867300e+02
-3.260336442063023696e+02
-3.105884304972669270e+02
-3.260550125621747384e+02
-2.979261675342760896e+02
-3.030813240063339435e+02
-1.860364270582381039e+02
-2.971246117810327405e+02
-2.943515250096148748e+02
-3.172726123309748232e+02
-2.960703818751775884e+02
-3.048683919641894704e+02
-3.296694497059884270e+02
-2.972931682405020410e+02
-3.325197690707220772e+02
-3.030689069256224002e+02
-3.195999515105249884e+02
-3.196753761870805874e+02
-3.096556736017374192e+02
-2.766268431763936633e+02
-2.951373060618824411e+02
-3.071429716309005471e+02
-2.933453271200004906e+02
-3.105694021094698769e+02
-3.093541551762927497e+02
-3.013244521426597089e+02
-3.166981512303183877e+02
-3.129712198653178916e+02
-2.881292258050860937e+02
-3.030298759979812644e+02
-3.089963737697993906e+02
-3.208078716635834553e+02
-3.243575821504763326e+02
-3.279623459460382833e+02
-3.030237811723383174e+02
-3.059505582042592096e+02
-3.150426819171047441e+02
-3.166730605553088935e+02
-3.019253820517405984e+02
-2.996229102588168871e+02
-3.341047090100056494e+02
-3.149918493052949771e+02
-3.117526697418072104e+02
-3.091599424908290530e+02
-3.196740248592676039e+02
-3.153019730778351004e+02
-3.193724798069818007e+02
-3.232730669577307481e+02
-3.279892377711425979e+02
-3.049095901553989165e+02
-2.963506009279827254e+02
-3.139817241839654685e+02
-2.826108113697226258e+02
-2.846407920279556834e+02
-3.128975002983885929e+02
-3.098794203705397194e+02
-2.894994338388157189e+02
-2.745506910800763194e+02
-3.253324431263537804e+02
-3.035819875355792874e+02
-3.089548106529849179e+02
-3.136801440542504338e+02
-3.232850355566390022e+02
-3.080029261612277764e+02
-3.144040015410975002e+02
-3.331443579722096615e+02
-3.137194537765897735e+02
-3.327020467546985287e+02
