-3.074505588943650878e+02
-3.177915383953870787e+02
-3.538890650586236575e+02
-3.011912894792184829e+02
-3.015206572814000765e+02
-2.414951310757486738e+02
-2.531430606997685970e+02
-2.883907221811607542e+02
-2.900702401374086321e+02
-3.201479856677653402e+02
-2.995766743655540836e+02
-2.937427347612028825e+02
-2.823116911213355138e+02
-3.104899973362672654e+02
-3.142213461705377995e+02
-2.945315829183430765e+02
-2.978363483005864509e+02
-2.995142823831001806e+02
-2.971692022337206822e+02
-3.263266963256693316e+02
-3.034475550497339214e+02
-3.106357524315960177e+02
-3.097758090859184676e+02
-2.825853242067368001e+02
-3.055400306633104037e+02
-3.241133549689369033e+02
-3.214927644058275860e+02
-3.036571340129262353e+02
-2.887653147366061148e+02
-3.337752098339119016e+02
-3.274989300979551672e+02
-3.131578435584420390e+02
-3.438547241405208865e+02
-3.038621853422711183e+02
-3.016402986871439111e+02
-3.167852505874990925e+02
-2.992906067023607193e+02
-3.280919634120916726e+02
-3.152713495356381372e+02
-3.115840343665669252e+02
-2.864151248052421010e+02
-3.101746999244164726e+02
-3.164866123862989866e+02
-2.967892077400954349e+02
-3.136442904016432180e+02
-3.247494160730635144e+02
-3.132745314862695523e+02
-3.033324277314555388e+02
-2.464555970473719526e+02
-3.088980008343409054e+02
-3.291642145507858004e+02
-3.093214422848035383e+02
-3.211627397771636652e+02
-2.943096850871284573e+02
-2.795611772243136670e+02
-3.338294540927719254e+02
-3.089183082357224635e+02
-2.949902971070245599e+02
-3.156153490447916283e+02
-3.071671601079549987e+02
-3.119135427147617747e+02
-3.177683870685297052e+02
-3.196956114348229221e+02
-3.360805398610041266e+02
-3.061821087093341589e+02
-3.303941042140919535e+02
-3.127978042118688791e+02
-2.975402008273082402e+02
-3.031350871517167320e+02
-2.948452606560862250e+02
-3.170178800490410254e+02
-3.018020667215380968e+02
-3.138760282888816278e+02
-3.192802586208686648e+02
-3.176258989600806331e+02
-2.820334438053852182e+02
-3.268239485180009183e+02
-3.371195887554156343e+02
-2.987662837410130692e+02
-2.955895474527848705e+02
-2.935687793906549814e+02
-3.297946941192889767e+02
-3.373060621241087347e+02
-3.074003213720901044e+02
-2.993450046681982712e+02
-2.991622485329872916e+02
-3.166714318671394039e+02
-3.131331639043672794e+02
-3.273486637086439828e+02
-3.239955682003552511e+02
-3.231285825093501103e+02
-2.783721085263601367e+02
-3.170204338037506204e+02
-3.025200685592917011e+02
-3.121242795671373642e+02
-2.920292329812869525e+02
-3.114258215857059895e+02
-3.037624473619923720e+02
-2.954806650172756690e+02
-3.012516789799813068e+02
