-3.001489792766853952e+02
-2.877063159297950392e+02
-3.264547416106474316e+02
-2.845936151615825338e+02
-3.177451658401661803e+02
-3.026366299905323558e+02
-3.175064219948146729e+02
-3.205150432093308837e+02
-3.120081661346586657e+02
-3.245057932209438150e+02
-3.032640183872526904e+02
-3.183489059463805688e+02
-2.536134543111685673e+02
-2.983337862805851159e+02
-3.272345572824038413e+02
-3.259339402472481311e+02
-3.091937821749699538e+02
-3.106633180494479802e+02
-3.144878890940935321e+02
-3.327426398437860371e+02
-3.057156830302488402e+02
-3.330636284764117931e+02
-3.347132318666003812e+02
-3.111983330225600071e+02
-3.065533527683369925e+02
-2.965229319054822668e+02
-3.006648034800119831e+02
-3.114959466452999663e+02
-3.217943828802337407e+02
-3.321218340382033603e+02
-3.195356481374399777e+02
-3.040582610632671958e+02
-3.310187376077963108e+02
-2.986364850856245425e+02
-3.215001035249878214e+02
-3.403120902090699360e+02
-3.144759692770284687e+02
-3.040667468207774959e+02
-3.342864679273618549e+02
-2.968305730796105877e+02
-3.236755697097824509e+02
-2.919337392643857925e+02
-3.208573178877443866e+02
-3.094252909736529205e+02
-2.947187980273418475e+02
-2.890167759523768609e+02
-3.095687274267162366e+02
-2.780422851025720661e+02
-3.171864635666105983e+02
-2.889208556585437577e+02
-3.138191729522530977e+02
-3.192920991730298397e+02
-3.251425097810760008e+02
-3.252258517962352471e+02
-3.049549825181688334e+02
-3.182339538002365771e+02
-3.210771996419014727e+02
-3.114586107892010318e+02
-3.111462140655190751e+02
-2.823935924140187694e+02
-2.997457722267416784e+02
-3.096660531158121898e+02
-2.952844356265974284e+02
-2.456870825702084176e+02
-3.189014857888930123e+02
-3.129730122880333738e+02
-3.270830968642747507e+02
-3.410650625723989151e+02
-3.185937102444012794e+02
-3.057863819716150147e+02
-3.272915566871897681e+02
-3.049157376678405740e+02
-3.029442208488366077e+02
-3.190496187320244417e+02
-3.045614276617952214e+02
-2.901979483800347452e+02
-3.089577049654956795e+02
-3.532404715531093302e+02
-2.929252734598717893e+02
-2.990779116056691578e+02
-3.033707503910976016e+02
-3.262889311404595105e+02
-2.844675590874956583e+02
-3.040386184467512862e+02
-3.136780616899963547e+02
-2.971553204596001478e+02
-3.116179461727793409e+02
-2.776382078772865043e+02
-3.104861617965621008e+02
-2.776878646893162568e+02
-2.954882927727489914e+02
-2.308984381328168070e+02
-3.170651161324833538e+02
-3.332839500692691104e+02
-2.922183297929913692e+02
-3.227942135595763489e+02
-3.151503401496862011e+02
-3.059324486666010330e+02
-3.396965713041773256e+02
-3.097933028293276720e+02
