-3.129211279536972370e+02
-3.092700789806635839e+02
-3.216251415975993950e+02
-3.102232940644012729e+02
-2.874758889417061027e+02
-3.055199772558768245e+02
-2.738131528916601951e+02
-3.102318102463772789e+02
-2.971659578111283508e+02
-3.103012077768217409e+02
-2.973069500362658459e+02
-3.370036723526828837e+02
-2.968599067562479377e+02
-2.880104953335634832e+02
-2.814642039802485556e+02
-3.062917136997007219e+02
-3.041060147118301416e+02
-3.039685328425479156e+02
-2.936279267935684629e+02
-3.364675837817575825e+02
-3.282271281038363782e+02
-2.963712318091784255e+02
-3.099456957962215711e+02
-3.393104322339838745e+02
-3.176358823497543540e+02
-3.234001836297339878e+02
-3.107346084716735959e+02
-3.064968694797769899e+02
-2.875298287471113099e+02
-3.145853082153578271e+02
-3.122097442989039564e+02
-2.990925087425723063e+02
-3.093023938947953866e+02
-3.033658118040314662e+02
-3.185162669408552460e+02
-3.070385779659997638e+02
-2.827764314591553898e+02
-2.953571127031819401e+02
-3.010470999695579053e+02
-3.139120197945755990e+02
-3.125353705937810105e+02
-3.219051318607349685e+02
-3.027618574817075796e+02
-2.986857737550413958e+02
-3.317235526673296704e+02
-2.898205075906191723e+02
-3.369177424431788381e+02
-2.449137067504624667e+02
-2.761249746812958961e+02
-2.826797009024442104e+02
-2.539836917093379611e+02
-3.106956355716152984e+02
-3.298841147347841911e+02
-3.119300421176804434e+02
-3.112048655745012979e+02
-3.204241010067598836e+02
-3.008120217100664604e+02
-3.204992176854130435e+02
-3.313165421523047485e+02
-3.370890104425987488e+02
-3.214090977616600071e+02
-3.156253828377681998e+02
-3.023748698043236800e+02
-2.906620028723168616e+02
-3.173085090822320922e+02
-3.017571736783951337e+02
-2.961827757625106301e+02
-3.193791071543392945e+02
-3.009179783512676067e+02
-3.249366222937451312e+02
-3.213372059411183272e+02
-3.185146649856241652e+02
-2.980524370090656703e+02
-3.084711763152217827e+02
-2.935563289074696058e+02
-2.963085006617429258e+02
-2.977193925502701290e+02
-3.151056660356905468e+02
-3.527696327518588646e+02
-2.994385992958547718e+02
-3.077632292903206235e+02
-3.212672221304383697e+02
-3.009698097330035012e+02
-2.941428951404150780e+02
-3.101673665426454818e+02
-3.055194483300788875e+02
-2.904581146693806772e+02
-3.438342399035318522e+02
-2.914582964563734322e+02
-3.021759483920383786e+02
-3.317481367078390235e+02
-3.259968234004854821e+02
-3.079010118346554350e+02
-3.061811253023383870e+02
-3.030123522880523410e+02
-2.983221683319841873e+02
-3.025775703191094976e+02
-3.058236078402911744e+02
-3.150312660522051260e+02
-3.145650960308135495e+02
