-2.977828149417768486e+02
-2.858207158812998046e+02
-2.985380441506665647e+02
-3.166837594334593291e+02
-3.365325317523305557e+02
-3.181341899332953176e+02
-3.069016320603848271e+02
-2.820989387814924498e+02
-3.090795679895741728e+02
-3.166646711747119411e+02
-2.939250832894580867e+02
-3.348623292220944450e+02
-3.114500867467034482e+02
-2.712580050600705022e+02
-2.929495089188919792e+02
-2.913512824024114707e+02
-3.168256909914672974e+02
-2.871950716332376601e+02
-2.979883112054552043e+02
-3.001845545279161911e+02
-3.180693965591169672e+02
-3.027415631761704162e+02
-3.100520333218303222e+02
-2.446284540279351063e+02
-2.900581885202574313e+02
-3.260015103819065985e+02
-3.184441066799040527e+02
-3.217642871367845601e+02
-2.956723654282527605e+02
-3.198571357777047979e+02
-2.891287227852976685e+02
-2.650139700833664733e+02
-3.118350889842167817e+02
-3.307859606975678730e+02
-3.027484167519692733e+02
-3.189828560287758705e+02
-3.110215647402788477e+02
-2.839248367999259131e+02
-2.896253724392068420e+02
-2.895316399492840560e+02
-2.682343646267713666e+02
-3.142005269521304172e+02
-2.844457999594455373e+02
-3.347903368306351126e+02
-3.085215478314093502e+02
-2.900041345734318838e+02
-3.164927425879775456e+02
-2.953335222496593815e+02
-3.204711171015142099e+02
-3.186620761094790737e+02
-3.205089352594368393e+02
-3.039859086542140858e+02
-3.252205660657263024e+02
-3.460654824577491127e+02
-3.078485670394322824e+02
-3.199319325958560398e+02
-2.900107826800258977e+02
-2.856040222468639058e+02
-2.854030303293224620e+02
-3.448977982927885364e+02
-3.157779941908829073e+02
-3.180442002745443233e+02
-3.120767873554058838e+02
-3.025517073409895374e+02
-3.186959316023108499e+02
-3.025038225499552595e+02
-2.981642395525105940e+02
-2.961929426461570074e+02
-3.199889392684621612e+02
-3.162017560631211950e+02
-3.280771215129993266e+02
-3.248759896588771880e+02
-3.444886420472657278e+02
-2.936115365830580117e+02
-2.897182664598607289e+02
-3.292895643758602660e+02
-2.924239477778514811e+02
-2.987545458086769372e+02
-3.418666399955982342e+02
-3.201473851206405357e+02
-3.113301296625068630e+02
-3.269065185074351803e+02
-2.968067691221017412e+02
-2.923451491571627230e+02
-2.936077483015845360e+02
-3.189230100604807490e+02
-3.120595861149625989e+02
-3.147585260311792581e+02
-3.031829982350338923e+02
-2.940139655067118838e+02
-3.076599732887204368e+02
-3.057119102200056204e+02
-3.263951061382102239e+02
-3.103382503782576691e+02
-3.318233636972993281e+02
-3.002123170611815794e+02
-2.874565152777879007e+02
-3.229305724834811713e+02
-3.162974980690067355e+02
-3.340365555282104992e+02
