-2.942263883029351064e+02
-3.240998268522484977e+02
-3.176383541068906311e+02
-3.205603603540909035e+02
-3.461213861521741819e+02
-2.981978573778357031e+02
-2.950905355476319301e+02
-3.194070552734498278e+02
-3.176668380983428506e+02
-3.223613980466031421e+02
-3.162209428229385821e+02
-2.987193613723694625e+02
-3.250138064341036852e+02
-3.028369685970687897e+02
-3.322744498943711164e+02
-3.190628029834233530e+02
-2.985110039642239030e+02
-3.062184089563224347e+02
-3.339128410757773509e+02
-3.069115733915351143e+02
-3.132322382711980708e+02
-3.050888803624022216e+02
-3.057277513115126908e+02
-2.801792336171033071e+02
-3.121347345660221322e+02
-3.417726265469987084e+02
-3.428837846022930194e+02
-3.122886079734580562e+02
-3.233012233300725597e+02
-2.933392137937958069e+02
-2.956101413437318115e+02
-3.203533421401118630e+02
-3.219589420481163415e+02
-2.994237048069978755e+02
-3.349864894904445691e+02
-3.004879234107007733e+02
-3.009941828210222639e+02
-3.150500776422916260e+02
-3.176692856815391224e+02
-3.203696632045835031e+02
-3.027871100276215657e+02
-3.050178371154112824e+02
-2.998784998581284071e+02
-3.005144427503520888e+02
-3.042843256240374785e+02
-3.086992832586516897e+02
-3.067943902391526194e+02
-3.211945095504813139e+02
-2.942040207130658018e+02
-2.362025486813932389e+02
-3.355545384324703946e+02
-3.154939634434339268e+02
-3.018963937108274536e+02
-2.562556980142972520e+02
-2.984754434394992586e+02
-3.010900903936972099e+02
-3.119606856985685113e+02
-3.204468088356849762e+02
-2.975331105100818263e+02
-3.052205296553213429e+02
-3.066779355910795175e+02
-3.227865865028718986e+02
-3.039560172360194201e+02
-3.175238634756344709e+02
-2.912711503175518146e+02
-3.089277497642025310e+02
-3.467601115629889819e+02
-3.424678395775719082e+02
-3.217614831798280193e+02
-2.979752320882859635e+02
-3.057688717807508851e+02
-3.263333596545793966e+02
-2.956751431579255041e+02
-3.153263974387891722e+02
-2.884713285671723497e+02
-2.668649081702935177e+02
-3.026918809257636553e+02
-2.962949779278662277e+02
-3.383851492146588384e+02
-3.291933194243109142e+02
-3.361113527290385719e+02
-3.025944929889673745e+02
-3.064398754576150168e+02
-3.077731705353553480e+02
-3.017593490745037457e+02
-3.123841881908874143e+02
-3.239343289822060115e+02
-2.991240438884474884e+02
-3.174366861570558740e+02
-3.201171417529702126e+02
-2.941627582367908076e+02
-2.995509351759543506e+02
-2.974195017758681274e+02
-3.138877584200611750e+02
-2.913079170539010079e+02
-3.151040066193713756e+02
-3.077302057294480164e+02
-2.950391160270894488e+02
-3.243470326417037768e+02
-2.877128769270541966e+02
