-3.355456631439120088e+02
-3.155262463959859929e+02
-3.031313416301222787e+02
-2.994575000925991617e+02
-3.004739485553927807e+02
-2.910168368586367933e+02
-3.120752354250360554e+02
-3.244737929576041324e+02
-2.803018179843189159e+02
-2.980562537151041056e+02
-3.009220932647168070e+02
-3.303645301693046576e+02
-3.008177743886155895e+02
-2.879032210448366982e+02
-3.099327335653051136e+02
-3.059936726542242695e+02
-2.517120343867067618e+02
-2.995415336603059586e+02
-3.171081760105479930e+02
-3.051697398237508310e+02
-3.026957592262634762e+02
-3.109840974002168537e+02
-3.108305071958569101e+02
-3.042952335710218676e+02
-3.032291586199929156e+02
-2.975333294905702246e+02
-2.878320366961779087e+02
-3.225412718529919402e+02
-3.005522303760301384e+02
-2.861698062593398504e+02
-2.968058558973056620e+02
-3.028845751969376465e+02
-2.981441414548548323e+02
-2.894675448480053319e+02
-2.951089740598247886e+02
-3.121360021109886702e+02
-3.123263753071410065e+02
-3.072732706913097900e+02
-2.832226999267566612e+02
-3.049337762010042638e+02
-3.061116617363469459e+02
-2.931937474149316358e+02
-3.299614007489009850e+02
-3.210869453245208547e+02
-3.313427500103662169e+02
-2.834176443269391257e+02
-3.095503033436079363e+02
-3.059625676482374388e+02
-3.243720958427013557e+02
-3.149075802827582606e+02
-2.948168096708163262e+02
-3.063394252907500572e+02
-3.304623483182330688e+02
-2.916906574924700521e+02
-2.980515293889957888e+02
-3.270899710052345881e+02
-3.148116297212127392e+02
-2.798340593784352563e+02
-3.033674360706232278e+02
-3.010725366709185664e+02
-3.076389530945495494e+02
-2.963437971603009942e+02
-2.972147749531324052e+02
-3.217167484753382496e+02
-2.991785685380435211e+02
-2.982043924555306944e+02
-3.303453430845737557e+02
-3.122850787049423502e+02
-3.110737873833245999e+02
-3.179112675579696088e+02
-3.443750188264690451e+02
-3.044228657920900218e+02
-2.968957514939877456e+02
-3.164956267165329109e+02
-3.053173313698270590e+02
-3.170023366974592705e+02
-3.203027939319576376e+02
-3.184748682358671203e+02
-3.300091968132899183e+02
-3.033887129693966926e+02
-2.879499635021680319e+02
-2.848263512588550270e+02
-2.967945708835450773e+02
-3.020103412874131550e+02
-2.750054237027079012e+02
-2.930788333609722258e+02
-3.156127682492834765e+02
-3.246067303619711311e+02
-3.201849559657326267e+02
-3.020354031080022423e+02
-3.094748477630639627e+02
-2.919472790624669187e+02
-3.076302529051293959e+02
-3.121516663670948333e+02
-2.294272656072491827e+02
-3.110063539760038225e+02
-2.990123559251909455e+02
-3.285848560998693983e+02
-3.080665756314184023e+02
-2.126065320679095407e+02
