-3.168566437933048405e+02
-3.093786270699543479e+02
-3.122907094730404083e+02
-3.253214868181852921e+02
-3.196585321249890512e+02
-3.049775311372775377e+02
-2.910054352165790306e+02
-2.943050522657083548e+02
-3.305745270507030682e+02
-3.173728497986153343e+02
-3.012240001188204133e+02
-2.847843227551758218e+02
-3.008588276433062560e+02
-3.022985252938801182e+02
-2.890622920420049127e+02
-3.199389580038829877e+02
-3.146704886292815786e+02
-3.130339977318818683e+02
-3.189733138705398687e+02
-3.179679895708349591e+02
-3.334101349686614526e+02
-2.959757008216507757e+02
-2.698649756470500733e+02
-2.636511534338932279e+02
-2.992802339230037774e+02
-3.018338067268859959e+02
-3.276702167594197590e+02
-3.055963603252229177e+02
-3.168882263864157380e+02
-3.124756992563437166e+02
-3.084511045014104980e+02
-3.352218721492666873e+02
-3.548155539791247861e+02
-3.210952247314651800e+02
-3.017823795968012632e+02
-2.815881067547335306e+02
-2.982999084756329466e+02
-3.034504229828062876e+02
-3.328246029545696274e+02
-3.204126979348872055e+02
-2.821175387468057920e+02
-2.989175852439954042e+02
-3.023575743994151708e+02
-2.970614861093391710e+02
-3.166891671272219924e+02
-3.119237481424308953e+02
-2.799028535365630432e+02
-3.045687915854190919e+02
-2.830644045233600536e+02
-3.197390270804736474e+02
-3.260668894461157947e+02
-3.111836104547624586e+02
-2.986155546728784884e+02
-3.084798732731076143e+02
-2.617808052653954292e+02
-3.186079175707706099e+02
-3.147415581506040212e+02
-3.071099556857741391e+02
-2.733721274643139623e+02
-2.911537939525481420e+02
-3.168774759456254628e+02
-3.063331132116462641e+02
-2.863616586749251383e+02
-3.023180304630556634e+02
-3.206588260527988155e+02
-3.018486792437520307e+02
-2.978541453347061179e+02
-3.098827292217997638e+02
-3.341624057843900459e+02
-3.174344485964844580e+02
-2.933092402254517879e+02
-3.204977166807442472e+02
-2.903243962189344529e+02
-3.152331263481353290e+02
-1.888438543696838963e+02
-2.916717081770342475e+02
-3.224022401731945706e+02
-3.061058453637693901e+02
-2.917208427844978473e+02
-2.940684617300875061e+02
-3.077586977403788069e+02
-2.855738334398805023e+02
-3.191200823359188803e+02
-2.806791314837501545e+02
-3.062936168957558039e+02
-2.921766745783076544e+02
-2.984060254502684870e+02
-2.958668931677207183e+02
-3.105686891173598383e+02
-2.897480163392521604e+02
-3.028841065220851192e+02
-3.321688003766082602e+02
-3.392688822090402709e+02
-3.127410596952108222e+02
-3.043546577526998931e+02
-2.020253407655763738e+02
-3.231200715621749850e+02
-2.964639302388898159e+02
-2.763097805814930439e+02
-2.955228570482792634e+02
