-3.331039934323626994e+02
-3.002229093401195996e+02
-3.041481823715749329e+02
-2.908295145826947419e+02
-3.015287640813542112e+02
-2.720580753574639630e+02
-3.129121001133094637e+02
-3.086499605603900704e+02
-2.989515618217377551e+02
-3.214094847438026363e+02
-2.743185831762123712e+02
-3.166594536769195543e+02
-3.052934352777039635e+02
-2.783691558871398115e+02
-2.843507200305822948e+02
-2.837134811148207518e+02
-3.142180491064935950e+02
-2.932392694394574164e+02
-2.910977224206795881e+02
-3.139115281620838687e+02
-3.147712776233263980e+02
-3.012652064037989703e+02
-3.194881885431585715e+02
-3.114475458524541409e+02
-3.024493525632357773e+02
-2.986136444416920313e+02
-2.883095132751305414e+02
-3.206366172347318297e+02
-3.191087943237786817e+02
-3.315977009927547101e+02
-3.000722343925667701e+02
-2.935618658626600563e+02
-3.058208127482574241e+02
-3.159547017354636864e+02
-3.343352477903662248e+02
-3.179995940733325028e+02
-3.074205834268209401e+02
-2.804339537506512556e+02
-3.008812107874961725e+02
-2.992959562310387582e+02
-3.411902490618485331e+02
-3.161186886738334465e+02
-3.036128006225200124e+02
-3.011118244653029024e+02
-2.858017832606806792e+02
-2.926737816729881274e+02
-2.950360340464665683e+02
-3.379317623699006390e+02
-2.996774785863680677e+02
-2.928633491271584717e+02
-3.069711279499115335e+02
-3.040022593711034915e+02
-3.138078225782892332e+02
-3.079948616342058472e+02
-3.318380547770130420e+02
-2.804055239036177909e+02
-2.865664771939904085e+02
-3.148304549568525772e+02
-2.997195683097403389e+02
-3.140455230681561147e+02
-3.147160136708679943e+02
-3.118649572241141641e+02
-3.270676037972739891e+02
-3.108630729509388289e+02
-3.037214511035173246e+02
-3.062340980968592135e+02
-3.026208542818717433e+02
-3.296385685489598245e+02
-3.077540287959281500e+02
-3.377092244404734060e+02
-2.890093220245805128e+02
-3.172429771686708477e+02
-3.036017219774294063e+02
-2.896399427978667518e+02
-2.805986390392105818e+02
-3.176302231870073456e+02
-2.844304877019733340e+02
-2.958670356027901676e+02
-3.067003978415563665e+02
-3.039073548360310042e+02
-2.744440496565988497e+02
-3.092354196462402456e+02
-2.574685422729318702e+02
-3.098922951118202036e+02
-3.213366240200477364e+02
-3.099241322850854772e+02
-2.931345051587494481e+02
-3.036674217106761375e+02
-3.059228954307027948e+02
-2.936913363058542359e+02
-2.867479554981108549e+02
-3.191386305760311188e+02
-3.125765235486790630e+02
-2.897898348092169840e+02
-2.967525677171288976e+02
-3.154209508725170963e+02
-3.186650523745582859e+02
-3.216246050879324798e+02
-2.881599683476283644e+02
-3.297545477489787800e+02
