-3.211422360529297180e+02
-3.066830723064707627e+02
-3.189822743675222227e+02
-3.201762969037716289e+02
-2.999561531449186873e+02
-2.993698468254913223e+02
-3.234776024368005665e+02
-3.022454044663808759e+02
-2.923673051719771934e+02
-3.519076213281131231e+02
-2.848116046614078414e+02
-2.983268989462714558e+02
-3.026953921864952122e+02
-3.091268763048327060e+02
-2.909471848079408574e+02
-3.177514965472645940e+02
-3.141040434281852072e+02
-3.032853027485629127e+02
-3.285871307739125200e+02
-3.340039331295167244e+02
-2.997251524647406882e+02
-3.128420860933679251e+02
-3.122141663402097151e+02
-3.134718526143289523e+02
-3.114726031093131269e+02
-3.020727261381222206e+02
-3.180406580972623374e+02
-3.039753462308210601e+02
-3.132337544170525234e+02
-3.466005753742302886e+02
-3.051698144542218643e+02
-2.814975377556606873e+02
-3.138895115886812732e+02
-3.202623948363704471e+02
-3.142569952840913743e+02
-2.977044566795661922e+02
-3.084565724599808618e+02
-3.053907314244231088e+02
-3.310787457374290739e+02
-3.187765436967362689e+02
-2.995462789871580753e+02
-3.319137376215127802e+02
-3.307213704533760961e+02
-3.011960649519240860e+02
-3.033421742704757662e+02
-3.259041337349865444e+02
-3.075199912496894967e+02
-3.107787169338756712e+02
-3.178605006534135100e+02
-3.116962403580715204e+02
-2.929764734382038114e+02
-3.074768973936040197e+02
-3.169910300250937212e+02
-3.162115522212653786e+02
-2.940536007714233051e+02
-2.946441465097636865e+02
-3.092268716462356224e+02
-2.967581631818923711e+02
-3.059004416013796686e+02
-2.988446446844116053e+02
-3.098681812062069980e+02
-2.896231404214522058e+02
-2.889826440613267664e+02
-3.129834191218189403e+02
-2.971827831027338220e+02
-2.898129605321730651e+02
-2.972696098093318255e+02
-3.040256816850815653e+02
-3.375749417440114257e+02
-2.807065303007038892e+02
-3.176409433857615454e+02
-3.022427788864681588e+02
-2.925045742774773885e+02
-3.262858417023151674e+02
-3.083708602635148850e+02
-3.017450923582700284e+02
-3.356961235385389841e+02
-3.368916180996539538e+02
-3.380277071577324364e+02
-3.329594469418128710e+02
-2.968983521712697211e+02
-3.060192713023287183e+02
-3.123481940499021903e+02
-3.058197786775957070e+02
-3.116389370992382624e+02
-3.137040354681114991e+02
-3.136015929852176782e+02
-3.430039279487201611e+02
-3.161726400274710045e+02
-3.165471851104503003e+02
-3.135229062987125417e+02
-3.022730210073548847e+02
-3.200741747011861662e+02
-3.246041481143525402e+02
-3.350874996935747845e+02
-3.045185444767195122e+02
-2.743855706406245076e+02
-2.933218967307064418e+02
-3.008429498714295391e+02
-3.119571587879229355e+02
