-2.891935746153458240e+02
-3.010848491018480786e+02
-2.877562148803379500e+02
-3.077074540158249647e+02
-2.978614292603469949e+02
-2.837235874645738249e+02
-3.244742226573145558e+02
-3.153217756485759651e+02
-3.313415447334490409e+02
-3.366012955860225020e+02
-2.829377653334531146e+02
-3.048334485639316540e+02
-2.857449157568946703e+02
-3.339528345710372719e+02
-3.347027796628192959e+02
-3.086447631352642702e+02
-2.878910332249415092e+02
-2.542261287335709881e+02
-2.992848654671627173e+02
-3.075172516040935875e+02
-3.025458618864148548e+02
-3.191502932876251748e+02
-3.239954596443216701e+02
-3.289403770760497991e+02
-3.192182436240525476e+02
-3.279618840277740901e+02
-3.024495515403785362e+02
-3.012697778578209409e+02
-3.052505120684014059e+02
-2.849222804307607930e+02
-2.962607641174167838e+02
-3.092996179371158973e+02
-2.889703412740700514e+02
-3.224611652923204019e+02
-3.250812016709176646e+02
-3.136510405920341782e+02
-2.966024845615725098e+02
-3.092475843697934579e+02
-3.110880821207724125e+02
-3.163030014028329333e+02
-3.281814862588938126e+02
-2.975276848561050542e+02
-3.085734816602569595e+02
-3.102509361347906065e+02
-3.021552098254725820e+02
-2.398394128007041104e+02
-3.147881437255325636e+02
-2.917424380012859615e+02
-2.861072130903089601e+02
-3.004163085647551839e+02
-3.029647588412192931e+02
-3.226979497731085758e+02
-3.201429092241834837e+02
-2.971353830007849410e+02
-2.865147577116298407e+02
-3.298007556236270830e+02
-2.819377876704859318e+02
-3.289729651022304893e+02
-3.207576785234109025e+02
-3.149249650624212791e+02
-3.458582694992992970e+02
-2.793782347666028727e+02
-2.314557850910932189e+02
-2.920718688319363423e+02
-3.165977677866888484e+02
-3.220183341572372910e+02
-2.912653215882779136e+02
-3.012835104198440490e+02
-3.172600881946599998e+02
-2.989613179121070061e+02
-3.021418824403260146e+02
-3.122029250087941250e+02
-3.021814911533606391e+02
-3.119844277086156694e+02
-3.324042524219350980e+02
-3.184610814051957846e+02
-3.085633484143327223e+02
-2.898236073453106769e+02
-3.136233749623685867e+02
-2.885359606144842246e+02
-3.293949522920623281e+02
-3.151650399409009538e+02
-2.848474830402577140e+02
-3.063132984437263531e+02
-3.247556446643979484e+02
-2.807912094447576692e+02
-3.029552410093334629e+02
-2.916710976834841631e+02
-3.189059885126764016e+02
-3.034385923944350907e+02
-2.915182760164631190e+02
-3.027310302233419748e+02
-2.930670296617827262e+02
-3.343909783105410725e+02
-3.120202554673076634e+02
-3.031675408141730941e+02
-2.996546047723719539e+02
-3.024425826785542313e+02
-3.174642199988761035e+02
-2.981810785032466242e+02
