-3.071624266023794689e+02
-3.330369103600358471e+02
-2.893700071954411897e+02
-2.940668517233451098e+02
-3.048474585339740770e+02
-3.190179686186706363e+02
-3.101470232987366558e+02
-2.897139544887921829e+02
-3.105820796222038211e+02
-3.051005427828885672e+02
-2.588226570689210462e+02
-3.054211928340828877e+02
-3.142033211639979982e+02
-3.169117066603228636e+02
-3.220886514253260771e+02
-3.096103364755963980e+02
-2.949610992262718696e+02
-3.280090046219349915e+02
-3.028638518540594191e+02
-2.978109600335143909e+02
-2.989133184077642795e+02
-3.120538480272262518e+02
-3.308034063022713553e+02
-3.162838226127773851e+02
-3.190142018501775283e+02
-3.150275437561073204e+02
-3.273057813516354599e+02
-2.983092689018107535e+02
-2.981226364226959618e+02
-2.844060217726150199e+02
-2.999416035281391260e+02
-3.009945540245134907e+02
-3.330978790743174613e+02
-3.212477544282673421e+02
-2.811922000497177692e+02
-3.001047892255543275e+02
-2.952772441102118250e+02
-2.938224107504944413e+02
-2.965001182848673693e+02
-2.982332059038351417e+02
-3.139429673690743812e+02
-3.256997425391026582e+02
-2.971791068796286481e+02
-3.069865478080269554e+02
-3.430486746063585315e+02
-3.015800274979674782e+02
-2.940357106083060330e+02
-3.180460381962054157e+02
-3.232996890254115669e+02
-2.949559387111369801e+02
-3.099557136619993116e+02
-3.075398551442198709e+02
-2.999578051423915213e+02
-3.057732348943335410e+02
-3.114873670823946554e+02
-2.858027927112609632e+02
-2.825257384397431792e+02
-3.013882995356628953e+02
-3.188369315773562676e+02
-3.053321993664271758e+02
-3.129597532285322359e+02
-2.975766355206471303e+02
-3.125107073253215049e+02
-2.806335408210290439e+02
-3.224569645885386535e+02
-3.371613017971220643e+02
-3.151493430139495331e+02
-3.167199075450831742e+02
-3.022175208306758236e+02
-2.990873364304490565e+02
-3.290373242308000385e+02
-3.040035760108260661e+02
-3.059637247066365831e+02
-3.193504776984086675e+02
-3.152285722271223563e+02
-3.273013608037840072e+02
-3.313288135971646966e+02
-3.177588477598221175e+02
-3.245951170402332195e+02
-3.063267009998165236e+02
-2.991158711364607825e+02
-3.142104437807278714e+02
-3.077224437185359989e+02
-3.039208892820446408e+02
-3.093531049071772827e+02
-3.251591400488096610e+02
-3.327876717223225569e+02
-3.139241924953480520e+02
-3.203041407383542492e+02
-3.137389995721187574e+02
-3.467174424605542526e+02
-2.874989554868337791e+02
-3.107665789655476374e+02
-2.895877859489192474e+02
-3.088258268327451219e+02
-3.067594584489689282e+02
-2.917881545402781853e+02
-2.859313380409966499e+02
-3.082536236933833038e+02
-3.070454781155874571e+02
