-3.051272927389176175e+02
-3.092479810528665780e+02
-2.985391358697152668e+02
-2.956470396531356641e+02
-3.007619994215226598e+02
-3.490355713550492283e+02
-2.898162494458412084e+02
-2.834238621325441727e+02
-3.340388677705560099e+02
-3.186619190737763461e+02
-3.166792557459888826e+02
-3.139752535571612952e+02
-2.733896985090228782e+02
-3.078212174841382307e+02
-3.012800096294099603e+02
-2.963999092313122787e+02
-3.186375764787727576e+02
-3.129567414065494972e+02
-2.688175084095496459e+02
-3.037840634807546394e+02
-2.950910209373738553e+02
-3.048001258924587091e+02
-2.871476119262042062e+02
-2.948781191876404364e+02
-3.052144395762546765e+02
-2.979615402807766031e+02
-3.041765823665555786e+02
-3.305740949291570701e+02
-3.054776158218292608e+02
-2.789665849687583545e+02
-3.054336678813691037e+02
-2.835483415724693259e+02
-2.982127390216533627e+02
-3.161534190453941164e+02
-3.135333805678193357e+02
-2.751199215708368797e+02
-2.970038637444347955e+02
-3.018966600964708960e+02
-3.144387878708341191e+02
-3.392707135037793478e+02
-3.256092419547603072e+02
-2.978589130820586774e+02
-2.916262849207686827e+02
-2.957177647484360818e+02
-3.123858281464410993e+02
-3.060206144748325983e+02
-2.504034424629427917e+02
-3.111229053618064881e+02
-3.385499036162173070e+02
-2.986304970522750182e+02
-2.961656913056456801e+02
-2.983859621554495902e+02
-3.069330380755482679e+02
-3.005618651900101099e+02
-2.948037897285398117e+02
-3.369990498042238301e+02
-3.197610791658717062e+02
-3.001361448313249980e+02
-3.178508967466466402e+02
-2.870670258124269481e+02
-2.888690033653239198e+02
-2.893969957592748870e+02
-2.800745489717764372e+02
-3.282082351057251799e+02
-3.206355196367883877e+02
-2.925159970226459905e+02
-3.124297522009734962e+02
-3.114435222864285038e+02
-3.172918981365957620e+02
-3.114559019395043151e+02
-2.962749112848921982e+02
-3.272558947782994210e+02
-3.175288525639038539e+02
-3.114363587440049628e+02
-3.208806109602064680e+02
-3.205201709565696433e+02
-2.990863813759991103e+02
-2.995829717799505261e+02
-3.263258370071087029e+02
-2.984271209135642948e+02
-3.198112179540382272e+02
-3.138842620794775371e+02
-3.163447091042196462e+02
-3.348816900101071496e+02
-3.047297130139950809e+02
-3.237128814410468181e+02
-3.115504777805974754e+02
-2.977489870278614603e+02
-2.791776725288916623e+02
-3.336132861375661491e+02
-2.586729786802148965e+02
-2.971647745037297454e+02
-3.090269235378107169e+02
-3.309422242681077364e+02
-3.176710610149321496e+02
-3.240820559190839845e+02
-2.748249926498602349e+02
-2.930212221668361963e+02
-3.053405028375437382e+02
-2.884357501652541487e+02
