-3.050950756652723044e+02
-3.235959283180291663e+02
-3.123285981998735110e+02
-3.205792657319023533e+02
-3.103300006248791760e+02
-3.039999598520869313e+02
-2.874746422226049276e+02
-2.870732308235345158e+02
-2.946151760107582618e+02
-3.175997590877096854e+02
-2.798274489077630847e+02
-2.891246660410350273e+02
-2.951258781130125612e+02
-3.194962776456050619e+02
-2.986340598418858576e+02
-2.975442354534554852e+02
-3.184832364632775352e+02
-3.038288905813830638e+02
-2.827320982757770480e+02
-2.514830674291713706e+02
-3.145425396330232957e+02
-3.011989847896593915e+02
-3.360938828898582642e+02
-3.009679248967116223e+02
-3.117036444672136781e+02
-3.217732088327460360e+02
-3.020921098243529741e+02
-2.778333086031833545e+02
-3.028306098290562431e+02
-2.995951723119060262e+02
-3.034276975623049566e+02
-3.227492885477008713e+02
-3.215789208157665371e+02
-3.329146804362573562e+02
-3.223472889309117022e+02
-2.918811657290384005e+02
-2.691269379437501357e+02
-2.980086792821909398e+02
-3.425612088179158263e+02
-2.416846394443565771e+02
-2.829982530221012098e+02
-3.014813577731609371e+02
-2.282954935248953632e+02
-2.927539056980326677e+02
-3.079010070551590843e+02
-2.860887788535881100e+02
-2.641048223116111444e+02
-3.242006627649270740e+02
-3.036651768070555590e+02
-3.281927439191681515e+02
-3.185081463584131711e+02
-2.734556406468868204e+02
-3.414979932266416540e+02
-2.924267653661487998e+02
-3.082827774945717465e+02
-3.055804478865832152e+02
-2.989922779398069679e+02
-3.080182354189259399e+02
-3.162758093088542068e+02
-3.042358006245614774e+02
-3.022929112207513072e+02
-2.919990569748143230e+02
-3.298384714177241790e+02
-3.157470287101896815e+02
-3.237955536163436250e+02
-3.209041179191291917e+02
-3.074984760592495263e+02
-3.379744327714201972e+02
-3.178841241984453063e+02
-2.910354352907244788e+02
-2.803912687265602699e+02
-2.907275926045032293e+02
-3.231400773967014857e+02
-3.283439010316859594e+02
-3.028017122214263850e+02
-3.156718519427554384e+02
-3.371138337516690058e+02
-3.145818460303181041e+02
-3.056818898942909755e+02
-3.231067976549945229e+02
-3.031678046282189598e+02
-3.014578297520317847e+02
-2.850352688751235064e+02
-2.923527279888085104e+02
-3.094496001710269866e+02
-3.159868773942314419e+02
-3.077716036066848346e+02
-3.306022672388215256e+02
-3.131233466253405027e+02
-2.986729005742651566e+02
-3.355888776920903638e+02
-3.087625597623908789e+02
-3.058734739958376281e+02
-3.115011949540913747e+02
-3.006269680156896129e+02
-2.969107457955147993e+02
-3.125299542705670319e+02
-3.079698741043717405e+02
-3.003217716793757859e+02
-3.172232552677388071e+02
