-3.149011680556357078e+02
-2.934047119969035293e+02
-3.000777559432661405e+02
-3.291132220097046002e+02
-3.018684507529846996e+02
-2.814274461723923082e+02
-3.081293578801909234e+02
-3.106168340573782984e+02
-3.012754065574923175e+02
-3.197376229501250009e+02
-2.662221820915851254e+02
-2.990407598931485040e+02
-2.865338672874270856e+02
-3.065081869001759856e+02
-2.978339247609061999e+02
-3.224947291903445148e+02
-3.316521038864375441e+02
-3.287231610746861747e+02
-2.880233013096998320e+02
-3.212458716176747657e+02
-2.881359163419048173e+02
-3.359463744764025250e+02
-2.845686292870323655e+02
-3.025807423165835530e+02
-3.215097175008799582e+02
-2.821502723417051470e+02
-2.798872985831886808e+02
-2.918344512757325333e+02
-3.353339145346086525e+02
-2.717148252815374576e+02
-2.818100213020408660e+02
-3.063781452583290275e+02
-3.364630808476007360e+02
-3.258181858898707901e+02
-2.867500047787843300e+02
-3.432004200241801186e+02
-3.350546496580966505e+02
-3.384024785325603943e+02
-3.166839767446880387e+02
-2.859009135347486676e+02
-2.971954697422681875e+02
-2.879254467658473118e+02
-3.122518137078670861e+02
-3.024062756948892456e+02
-3.153592968817180804e+02
-3.138870660704319562e+02
-3.285786738433986898e+02
-3.260132371004929723e+02
-3.070214491486024713e+02
-2.979961043601458073e+02
-3.218661620679091016e+02
-3.073748099469920021e+02
-3.371238028390657178e+02
-3.213418853197228486e+02
-3.215131532013236892e+02
-3.293765307535546185e+02
-3.179313948675271035e+02
-2.949606143401125564e+02
-3.077918441459516998e+02
-3.086520885115514830e+02
-3.021307057046704472e+02
-2.941490008488814851e+02
-3.334598639765132475e+02
-3.200309472362404790e+02
-3.190276104393757350e+02
-2.895660924030040633e+02
-3.139253437018798536e+02
-2.971897203097477700e+02
-3.209377182896848808e+02
-3.017595146942289830e+02
-2.764776423182543112e+02
-3.124137748071314604e+02
-3.091138490425746568e+02
-2.853698920631143210e+02
-3.079479573159094912e+02
-3.096913239299202019e+02
-3.241164114781765875e+02
-2.983590125757752958e+02
-2.969697703476378479e+02
-3.136124392039138229e+02
-2.909380702949449073e+02
-2.845593442281248144e+02
-3.109063053991528136e+02
-3.088753855629670966e+02
-3.244963457660299468e+02
-3.149496700618478258e+02
-3.178175746098070249e+02
-2.832705109275444784e+02
-3.091251048572076456e+02
-2.897875353097311404e+02
-2.945879122123677121e+02
-3.247312471960692051e+02
-3.005764141424420473e+02
-2.877872911185286853e+02
-2.980739210483785087e+02
-3.139358360434395649e+02
-3.346884797708860901e+02
-3.104855111786478119e+02
-3.118962287630877199e+02
-3.049257627033362041e+02
