7.489878810605761217e+00	4.087254817708860344e+00	1.000000000000000000e+00
6.669599376607621366e+00	1.120177091782166023e+01	1.000000000000000000e+00
1.272706451073851852e+01	4.960298886635647442e+00	1.000000000000000000e+00
6.685735663643265880e+00	4.605827944595612955e+00	1.000000000000000000e+00
4.927405346505060457e+00	5.949795845188430299e+00	1.000000000000000000e+00
1.212704687172820783e+01	6.200692070341634832e+00	1.000000000000000000e+00
9.011449530455024615e+00	5.269025603561025228e+00	1.000000000000000000e+00
4.342697442546633368e+00	9.450641534595026982e+00	1.000000000000000000e+00
1.062901705116130024e+01	7.060807785351113530e+00	1.000000000000000000e+00
8.919545025914077385e+00	2.714548932050992569e+00	1.000000000000000000e+00
5.239449117881128437e+00	1.111448054863492629e+01	1.000000000000000000e+00
4.010171771527605067e+00	3.238424168749147292e+00	1.000000000000000000e+00
9.631729092012262683e+00	7.130773600082724428e+00	1.000000000000000000e+00
2.002964801362896452e+00	1.149838277455703484e+01	1.000000000000000000e+00
1.037445962175440251e+01	2.923735410862271955e+00	1.000000000000000000e+00
3.780104616383551885e+00	5.151206164538765009e+00	1.000000000000000000e+00
5.894180875617257342e+00	1.182418418412932226e+01	1.000000000000000000e+00
6.896973001787170432e+00	1.896691739098050222e+00	1.000000000000000000e+00
6.833730356218485014e+00	5.526106662234707478e+00	1.000000000000000000e+00
2.862259950115983553e+00	8.271185854825263917e+00	1.000000000000000000e+00
1.353450117534529440e+01	6.060556809563460767e+00	1.000000000000000000e+00
8.120868468454192524e+00	4.827294700908936420e+00	1.000000000000000000e+00
3.121336107736426335e+00	1.055628467026251904e+01	1.000000000000000000e+00
5.709830533425948929e+00	4.793940805101935432e+00	1.000000000000000000e+00
1.052840926398105559e+01	6.099068924465407271e+00	1.000000000000000000e+00
3.994557868358894037e+00	1.226652738633509898e+01	1.000000000000000000e+00
1.137352759070314434e+01	2.945572061460464131e+00	1.000000000000000000e+00
9.980526401660386071e+00	5.261975155594453391e+00	1.000000000000000000e+00
5.149398930568238164e+00	1.305154112950110878e+01	1.000000000000000000e+00
1.186203400676754782e+01	3.807555390971562481e+00	1.000000000000000000e+00
5.890572477582966648e+00	5.759494240639026152e+00	1.000000000000000000e+00
3.015167643069582404e+00	6.361013546724388235e+00	1.000000000000000000e+00
1.082785866441297884e+01	4.778741724967443538e+00	1.000000000000000000e+00
8.592941450908185175e+00	6.179282417823970697e+00	1.000000000000000000e+00
3.950833182945350242e+00	6.126499022823321816e+00	1.000000000000000000e+00
1.085193296368103866e+01	3.798940909238091468e+00	1.000000000000000000e+00
9.556725699783925165e+00	6.140314095532469985e+00	1.000000000000000000e+00
2.469414390204410559e+00	9.220483824464194456e+00	1.000000000000000000e+00
5.110769331805611770e+00	4.029908137779313115e+00	1.000000000000000000e+00
8.931436634532600394e+00	4.221072617558015772e+00	1.000000000000000000e+00
4.171014647715428403e+00	1.324518155751425397e+01	1.000000000000000000e+00
1.179109558480135433e+01	4.782454352580391088e+00	1.000000000000000000e+00
9.677156460351595157e+00	8.120289542290736406e+00	1.000000000000000000e+00
1.067054784670509449e+01	8.064216519257733751e+00	1.000000000000000000e+00
3.271765969514705219e+00	3.854605872308382253e+00	1.000000000000000000e+00
6.149817484413565793e+00	6.711513890484759770e+00	1.000000000000000000e+00
1.491319333675279246e+01	5.846302549794107684e+00	1.000000000000000000e+00
2.877665783251770470e+00	4.749008759149011105e+00	1.000000000000000000e+00
7.752681618590449020e+00	5.720687426467907066e+00	1.000000000000000000e+00
4.165875202688539503e+00	7.117294032771374290e+00	1.000000000000000000e+00
5.897580549618455237e+00	1.953688272224289202e+00	1.000000000000000000e+00
6.326510547990132238e+00	7.655525650090583056e+00	1.000000000000000000e+00
3.367591281090832833e+00	9.624953896917480378e+00	1.000000000000000000e+00
9.545053176962149166e+00	3.439565323092157900e+00	1.000000000000000000e+00
8.685736169142282748e+00	8.166797727234772708e+00	1.000000000000000000e+00
5.988059488476548786e+00	1.047494332828062014e+01	1.000000000000000000e+00
1.286983441417139140e+01	3.960024014806959869e+00	1.000000000000000000e+00
8.646379203270168290e+00	7.182544664619096686e+00	1.000000000000000000e+00
6.429310752593226042e+00	1.262486845162965565e+01	1.000000000000000000e+00
9.977610308048413756e+00	4.290340645410935849e+00	1.000000000000000000e+00
4.409092481964373533e+00	8.057245833734278051e+00	1.000000000000000000e+00
2.423800026310834799e+00	5.607266920398255472e+00	1.000000000000000000e+00
5.958042003416210264e+00	2.917153442151471321e+00	1.000000000000000000e+00
5.363481671931454642e+00	7.855406777818107145e+00	1.000000000000000000e+00
5.147748622127436668e+00	6.901156391452440531e+00	1.000000000000000000e+00
4.879255075916228535e+00	2.054582381564889371e+00	1.000000000000000000e+00
6.933818339518843743e+00	8.884196898826111521e+00	1.000000000000000000e+00
6.686668101110954332e+00	9.807416080845497319e+00	1.000000000000000000e+00
6.846009549954286122e+00	3.301005163956242328e+00	1.000000000000000000e+00
7.239396878155740289e+00	7.965388588327797059e+00	1.000000000000000000e+00
3.320081043213557681e+00	1.151297465427781042e+01	1.000000000000000000e+00
4.959641051126053135e+00	3.034636771894779983e+00	1.000000000000000000e+00
8.729534822416821882e+00	9.184030916486900509e+00	1.000000000000000000e+00
4.962656690232199352e+00	1.208205570228825643e+01	1.000000000000000000e+00
1.135467923464542750e+01	5.633528779704749745e+00	1.000000000000000000e+00
3.714106706677689385e+00	8.706093783276124043e+00	1.000000000000000000e+00
4.167114345363894579e+00	4.221110221144586561e+00	1.000000000000000000e+00
6.062801486405977158e+00	3.881020256795727263e+00	1.000000000000000000e+00
6.010804614014070069e+00	8.580972629908293570e+00	1.000000000000000000e+00
3.209671089630803831e+00	7.345584676980061012e+00	1.000000000000000000e+00
3.550858833082082278e+00	2.399072007701793297e+00	1.000000000000000000e+00
7.875715794888469290e+00	8.699211597971700627e+00	1.000000000000000000e+00
2.166720071422488125e+00	1.052763272958717877e+01	1.000000000000000000e+00
1.160750147976305335e+01	7.031418195150003214e+00	1.000000000000000000e+00
9.726975010711127467e+00	9.111180984447670994e+00	1.000000000000000000e+00
4.068283045896049721e+00	1.037093950704739420e+01	1.000000000000000000e+00
1.406002634354712022e+01	4.741880814303335967e+00	1.000000000000000000e+00
7.702267816882193863e+00	7.164338866519612381e+00	1.000000000000000000e+00
4.291186802248331489e+00	1.134075562498767908e+01	1.000000000000000000e+00
7.549733945825769510e+00	2.650225034889953424e+00	1.000000000000000000e+00
5.067755009340793926e+00	8.790137152533947784e+00	1.000000000000000000e+00
3.025110280173743948e+00	1.245070819575467702e+01	1.000000000000000000e+00
2.492342012744695356e+00	3.301982255725617765e+00	1.000000000000000000e+00
5.737695544884638288e+00	9.517954472753773487e+00	1.000000000000000000e+00
2.264132843826003771e+00	7.009603680473019516e+00	1.000000000000000000e+00
8.224131130511414867e+00	3.431179240351967419e+00	1.000000000000000000e+00
7.616351199119439919e+00	1.010732269137513839e+01	1.000000000000000000e+00
5.027545249312248110e+00	1.016682708247537548e+01	1.000000000000000000e+00
4.760179358390498550e+00	4.980449944942538565e+00	1.000000000000000000e+00
7.095616421043547284e+00	6.456342992714019680e+00	1.000000000000000000e+00
