5.813974544756336016e+00	5.161243041892125127e+00	1.000000000000000000e+00
2.678293903458601674e-02	4.923214051114953804e+00	1.000000000000000000e+00
3.878225222384371840e+00	1.039595744466314420e+00	1.000000000000000000e+00
8.307337056076317339e+00	4.775325712888600194e+00	1.000000000000000000e+00
-1.307420917014724404e-01	8.275676900959600957e+00	1.000000000000000000e+00
4.678281612119966404e+00	2.020708256701817529e+00	1.000000000000000000e+00
9.102253777688405378e+00	5.757844707996003564e+00	1.000000000000000000e+00
4.167203640763242345e-01	1.045448895003890399e+01	1.000000000000000000e+00
4.225594264951907597e+00	3.200301770783266608e+00	1.000000000000000000e+00
1.035112048312595867e+01	5.561615921749345937e+00	1.000000000000000000e+00
2.906553129225923016e+00	1.135515261481880955e+01	1.000000000000000000e+00
3.427821364010847915e+00	2.220440453455553964e+00	1.000000000000000000e+00
1.160071107182224281e+01	5.366560518381044531e+00	1.000000000000000000e+00
2.815325765281077253e+00	1.484996717561076451e+01	1.000000000000000000e+00
5.020916626989469833e+00	4.180239976357085219e+00	1.000000000000000000e+00
5.356667342141985699e+00	6.339319976137120172e+00	1.000000000000000000e+00
1.277332432880503132e+00	4.736163915294210547e+00	1.000000000000000000e+00
6.727472428127700077e+00	2.797590570029135471e+00	1.000000000000000000e+00
7.061370162268075568e+00	4.965631908538916228e+00	1.000000000000000000e+00
6.802842722374403683e-01	9.205880484039091982e+00	1.000000000000000000e+00
5.930930869621195534e+00	1.822603268422566147e+00	1.000000000000000000e+00
7.853061707001413261e+00	5.953276305452046557e+00	1.000000000000000000e+00
1.545651375689139684e+00	9.956846019658106783e+00	1.000000000000000000e+00
5.475958052881725102e+00	3.000353567679136635e+00	1.000000000000000000e+00
1.114469136434946250e+01	6.546614354028645444e+00	1.000000000000000000e+00
6.378607577448451860e-01	1.170937918740458805e+01	1.000000000000000000e+00
5.126401324003987625e+00	8.418044144018492769e-01	1.000000000000000000e+00
1.239440618705383201e+01	6.351687533735682401e+00	1.000000000000000000e+00
1.555815744181014093e+00	1.495902027454776295e+01	1.000000000000000000e+00
6.270290273970835493e+00	3.980315072231730866e+00	1.000000000000000000e+00
4.108180876656577496e+00	6.529528757150498741e+00	1.000000000000000000e+00
1.742290509097352613e+00	3.559942657059189219e+00	1.000000000000000000e+00
7.609154082954565190e+00	4.223470868871107009e-01	1.000000000000000000e+00
6.605361894895082742e+00	6.146365634870927686e+00	1.000000000000000000e+00
3.471321457028880286e-01	7.092069070571580980e+00	1.000000000000000000e+00
6.371326840714108819e+00	6.492673939113083881e-01	1.000000000000000000e+00
8.646313736035136088e+00	6.937479095807942642e+00	1.000000000000000000e+00
3.189405626878057287e+00	8.892489093073502104e+00	1.000000000000000000e+00
6.772404602643236515e+00	-5.394021237150130599e-01	1.000000000000000000e+00
9.895608062728149079e+00	6.742067956568845055e+00	1.000000000000000000e+00
1.828851977189267508e+00	1.177620317991117815e+01	1.000000000000000000e+00
7.191057412909187541e+00	1.613245802313530097e+00	1.000000000000000000e+00
1.193824582863124739e+01	7.531338609819703933e+00	1.000000000000000000e+00
8.149929032057581235e-01	1.393500611089183572e+01	1.000000000000000000e+00
7.517651174658317892e+00	3.782664962629432193e+00	1.000000000000000000e+00
4.897761674957394895e+00	7.517593701946777784e+00	1.000000000000000000e+00
2.067670278475363776e+00	5.722337463960651682e+00	1.000000000000000000e+00
8.762258405229017555e+00	3.602635482967933012e+00	1.000000000000000000e+00
6.147599800453687813e+00	7.325527990640647857e+00	1.000000000000000000e+00
1.142878501336042074e+00	8.063446821180537682e+00	1.000000000000000000e+00
8.822085938527948201e+00	1.515388368516250028e-01	1.000000000000000000e+00
9.439399327573013920e+00	7.921776187666060842e+00	1.000000000000000000e+00
2.733543515540736824e+00	1.009272855998671758e+01	1.000000000000000000e+00
8.001327732218383559e+00	-7.934955201266519209e-01	1.000000000000000000e+00
1.068883414181286184e+01	7.726553166419938279e+00	1.000000000000000000e+00
2.646158633392634130e+00	1.265758307585172737e+01	1.000000000000000000e+00
7.974954789004098821e+00	2.594339752321849435e+00	1.000000000000000000e+00
1.273189431587021581e+01	8.516149315688791077e+00	1.000000000000000000e+00
3.352298128767430718e+00	1.370570986380123557e+01	1.000000000000000000e+00
8.458644941611117574e+00	1.391741203480028499e+00	1.000000000000000000e+00
3.647307215673690983e+00	7.707782889025888373e+00	1.000000000000000000e+00
-4.368954937314777909e-01	6.099954160079512633e+00	1.000000000000000000e+00
9.711939026069806857e+00	1.637882160671460197e+00	1.000000000000000000e+00
7.396957519216175392e+00	7.132205150613253331e+00	1.000000000000000000e+00
1.605529912251809632e+00	6.896793736071197500e+00	1.000000000000000000e+00
1.001964668692573035e+01	3.412633558048920879e+00	1.000000000000000000e+00
8.189738267294211838e+00	8.116811402049227908e+00	1.000000000000000000e+00
1.667742121896550023e+00	1.087366211647643155e+01	1.000000000000000000e+00
9.562837465460544806e+00	7.375149511246641421e-01	1.000000000000000000e+00
1.023265981070880315e+01	8.906227964745664138e+00	1.000000000000000000e+00
1.348094478567249510e+00	1.280776465610657588e+01	1.000000000000000000e+00
9.205078368360041452e+00	2.441218616458991963e+00	1.000000000000000000e+00
1.148223592492111678e+01	8.711194136076750638e+00	1.000000000000000000e+00
2.280079489918759972e+00	1.599606596727448782e+01	1.000000000000000000e+00
9.245278903087120526e+00	-1.036958787086923461e+00	1.000000000000000000e+00
4.438603175533436307e+00	8.695519095014130784e+00	1.000000000000000000e+00
4.906138048758623693e-01	3.746053826181662494e+00	1.000000000000000000e+00
1.008536315493562441e+01	-8.900120808043021636e-02	1.000000000000000000e+00
6.939790854213501170e+00	8.310971623473195180e+00	1.000000000000000000e+00
2.400186541675884300e+00	7.885949611760358025e+00	1.000000000000000000e+00
1.081244425179993307e+01	9.906375280330106392e-01	1.000000000000000000e+00
8.983010212470386335e+00	9.101214915423311069e+00	1.000000000000000000e+00
-4.992504193090505638e-01	9.527138363921114461e+00	1.000000000000000000e+00
1.132464693180678594e+01	-1.873929694299165671e-01	1.000000000000000000e+00
9.776602863494922246e+00	1.008597866170593882e+01	1.000000000000000000e+00
1.008106850265451521e-01	1.287156979535640211e+01	1.000000000000000000e+00
1.127438821862762985e+01	3.183815658055596742e+00	1.000000000000000000e+00
1.102647672027305781e+01	9.890956277278396769e+00	1.000000000000000000e+00
2.090982654274339048e+00	1.381217287872863508e+01	1.000000000000000000e+00
1.045939810231295120e+01	2.231013522332758292e+00	1.000000000000000000e+00
5.689402305172422736e+00	8.504343375511727032e+00	1.000000000000000000e+00
8.143527911361476690e-01	5.913432619775703891e+00	1.000000000000000000e+00
1.290888535978464624e+01	1.756302566434674306e+00	1.000000000000000000e+00
6.482685714484502704e+00	9.489960021923973699e+00	1.000000000000000000e+00
2.858636518885635081e+00	6.711586586468289539e+00	1.000000000000000000e+00
1.208265624405691518e+01	7.982892176795010064e-01	1.000000000000000000e+00
7.732951024849021415e+00	9.296051311585969756e+00	1.000000000000000000e+00
1.949355515751826529e+00	9.051984888255097061e+00	1.000000000000000000e+00
1.166221021570417626e+01	1.968571823408414190e+00	1.000000000000000000e+00
8.526642382290841482e+00	1.028079425078077591e+01	1.000000000000000000e+00
