5.675857456982757121e+00	2.775669187155892281e+00	1.000000000000000000e+00
8.014028993109553412e+00	1.032199339119206982e+01	1.000000000000000000e+00
1.458388485190289252e+01	4.039643471982167888e+00	1.000000000000000000e+00
5.493712160305714853e+00	4.061495696646327147e+00	1.000000000000000000e+00
3.266469476748231404e+00	3.746018432839317125e+00	1.000000000000000000e+00
9.107603447707411704e+00	2.605832047773132487e+00	1.000000000000000000e+00
7.720929115982041679e+00	4.376980334589720911e+00	1.000000000000000000e+00
3.198663893191976193e+00	1.226239597490475575e+01	1.000000000000000000e+00
5.426587788851775507e+00	1.257615496484201145e+01	1.000000000000000000e+00
8.925532345044025817e+00	3.891752805602648468e+00	1.000000000000000000e+00
5.063637855616216044e+00	1.514768086315280016e+01	1.000000000000000000e+00
1.133475196579087552e+01	2.921250507185876089e+00	1.000000000000000000e+00
1.115281140938999371e+01	4.207690993691742598e+00	1.000000000000000000e+00
4.040520822169356485e+00	1.434779065398714692e+01	1.000000000000000000e+00
1.235708490934639414e+01	3.721891280018918557e+00	1.000000000000000000e+00
4.289042165196226719e+00	4.546746273862825483e+00	1.000000000000000000e+00
2.472551597491974729e+00	1.740486678642496798e+01	1.000000000000000000e+00
1.439963085256143316e+01	5.326005957583406669e+00	1.000000000000000000e+00
5.311563391369253928e+00	5.347332083001669290e+00	1.000000000000000000e+00
3.083879363154238717e+00	5.031788469734022051e+00	1.000000000000000000e+00
1.253980366047673733e+01	2.435823118469479631e+00	1.000000000000000000e+00
6.516307215675932518e+00	4.862148852137829103e+00	1.000000000000000000e+00
3.380101713586843193e+00	1.097632162254723731e+01	1.000000000000000000e+00
8.267084514735994816e+00	5.187957030940522074e-01	1.000000000000000000e+00
8.743512664324860850e+00	5.177680090507338129e+00	1.000000000000000000e+00
8.313364137770776097e+00	1.626431154853357341e+01	1.000000000000000000e+00
6.450123149472702266e+00	1.337593558138951266e+01	1.000000000000000000e+00
9.948101631465432249e+00	4.692408462368002020e+00	1.000000000000000000e+00
6.086226282466618009e+00	1.594814464312759306e+01	1.000000000000000000e+00
1.324040566097830407e+01	1.496336531838496775e+01	1.000000000000000000e+00
2.901742620658811056e+00	6.317888900028773236e+00	1.000000000000000000e+00
2.425756836210093415e+00	1.659353771345978723e+00	1.000000000000000000e+00
6.040408186832680215e+00	2.033624943168323707e-01	1.000000000000000000e+00
4.106761796341185544e+00	5.832535766282844314e+00	1.000000000000000000e+00
3.448631627519203935e+00	2.460083343402157396e+00	1.000000000000000000e+00
3.630891565416159317e+00	1.174234145758467740e+00	1.000000000000000000e+00
6.334221937148146075e+00	6.147906170931856984e+00	1.000000000000000000e+00
9.718820383697989174e-01	1.194935101978496661e+01	1.000000000000000000e+00
1.013019638694397528e+01	3.406505299208705040e+00	1.000000000000000000e+00
8.561600350067759990e+00	6.463553544119387873e+00	1.000000000000000000e+00
6.268309522052887495e+00	1.466202367957449582e+01	1.000000000000000000e+00
1.662723998281610349e+01	5.643747869611395629e+00	1.000000000000000000e+00
9.766614538649609045e+00	5.978303962865929577e+00	1.000000000000000000e+00
7.291075751311777431e+00	1.546261959986387069e+01	1.000000000000000000e+00
5.857933477500909092e+00	1.489721699410724298e+00	1.000000000000000000e+00
3.924674243997216649e+00	7.118434112265060953e+00	1.000000000000000000e+00
7.108088711459053854e+00	1.674940047013594580e+01	1.000000000000000000e+00
6.880493824706380046e+00	2.290479257643413202e+00	1.000000000000000000e+00
5.129453307746829616e+00	6.633058886330456261e+00	1.000000000000000000e+00
2.719708598571212832e+00	7.604058030154149606e+00	1.000000000000000000e+00
6.698398690519365317e+00	3.576336563179532302e+00	1.000000000000000000e+00
7.538905738494367625e+00	5.662831460154142960e+00	1.000000000000000000e+00
3.561308808986332508e+00	9.690309890853228580e+00	1.000000000000000000e+00
7.902989605639504589e+00	3.091112123861305516e+00	1.000000000000000000e+00
7.356910096139881006e+00	6.948586670504493412e+00	1.000000000000000000e+00
5.245195230477214920e+00	1.386187196967557078e+01	1.000000000000000000e+00
1.560503541651810444e+01	4.841932436371418014e+00	1.000000000000000000e+00
9.584443749747336483e+00	7.264413987606392453e+00	1.000000000000000000e+00
4.700517127046533794e+00	1.771979272370883152e+01	1.000000000000000000e+00
1.542160988546265443e+01	6.128063203610549792e+00	1.000000000000000000e+00
4.947463108856523739e+00	7.918805836910237872e+00	1.000000000000000000e+00
2.243588398030853526e+00	2.945657063460910052e+00	1.000000000000000000e+00
2.538328057423563600e+00	8.890153087839630430e+00	1.000000000000000000e+00
5.970105067028689483e+00	8.719170676751240023e+00	1.000000000000000000e+00
4.653396055064986214e+00	1.974960208860853550e+00	1.000000000000000000e+00
1.337824710664329686e+01	4.523741494142955233e+00	1.000000000000000000e+00
6.152162084769489780e+00	7.433584540192775592e+00	1.000000000000000000e+00
1.333726516402161888e+00	9.376019426022786263e+00	1.000000000000000000e+00
1.151688240493643178e+01	1.634913518707669100e+00	1.000000000000000000e+00
8.379478638683623970e+00	7.749456176793263040e+00	1.000000000000000000e+00
4.881999913017925685e+00	1.643368768227147569e+01	1.000000000000000000e+00
8.085176867632824838e+00	1.805223783948980198e+00	1.000000000000000000e+00
9.402162915759300077e+00	8.550575711204976059e+00	1.000000000000000000e+00
3.677264850735064705e+00	1.691934442683173501e+01	1.000000000000000000e+00
1.152360180819311575e+00	1.066251221401337723e+01	1.000000000000000000e+00
4.584205112386552372e+00	1.049050966009570729e+01	1.000000000000000000e+00
2.175903541917688422e+00	1.146248340488827111e+01	1.000000000000000000e+00
2.357008566549211537e+00	1.017635774894953116e+01	1.000000000000000000e+00
5.788484250905526096e+00	1.000501885567856419e+01	1.000000000000000000e+00
3.742904531142850377e+00	8.404332113321979492e+00	1.000000000000000000e+00
1.681008004786695054e+01	4.357241991337513554e+00	1.000000000000000000e+00
4.765671403947321139e+00	9.204608275389499994e+00	1.000000000000000000e+00
4.221993130975744357e+00	1.306211189716108478e+01	1.000000000000000000e+00
2.608667410549846188e+00	3.729517058187731271e-01	1.000000000000000000e+00
7.174757621834561228e+00	8.234350186833825802e+00	1.000000000000000000e+00
3.858979416311258070e+00	1.563333693563384230e+01	1.000000000000000000e+00
7.062597756636566970e+00	1.004552500990801622e+00	1.000000000000000000e+00
9.219366834494209684e+00	9.836878767022762204e+00	1.000000000000000000e+00
2.654129118695880862e+00	1.611820744830198748e+01	1.000000000000000000e+00
1.356227571541218069e+01	3.237351566811742298e+00	1.000000000000000000e+00
4.403191565590762302e+00	1.177633514995371833e+01	1.000000000000000000e+00
4.835385947257551997e+00	6.886283442347161943e-01	1.000000000000000000e+00
1.031225850085701268e+01	2.120509240941520268e+00	1.000000000000000000e+00
5.607605967220727905e+00	1.129033061755359313e+01	1.000000000000000000e+00
4.471246707833782530e+00	3.260824738855041538e+00	1.000000000000000000e+00
6.631461761536082022e+00	1.208936672868854778e+01	1.000000000000000000e+00
6.992527638633529996e+00	9.520231859248104556e+00	1.000000000000000000e+00
3.016925414939512162e+00	1.354840964211298449e+01	1.000000000000000000e+00
9.289967106211218351e+00	1.319589707711797733e+00	1.000000000000000000e+00
8.197117092538691807e+00	9.035451743910327238e+00	1.000000000000000000e+00
