9.379395113731467504e+00	4.044360026176767597e+00	1.000000000000000000e+00
4.334418508420231575e+00	8.209630488910690360e+00	1.000000000000000000e+00
4.485783678164442456e+00	1.787062272348907355e+00	1.000000000000000000e+00
7.500129674505650712e+00	5.071098019606935736e+00	1.000000000000000000e+00
3.249740703918263751e+00	1.757235447461944933e+00	1.000000000000000000e+00
8.143397707429890886e+00	4.015185825356220484e+00	1.000000000000000000e+00
8.736116149723702762e+00	5.100191178124402036e+00	1.000000000000000000e+00
4.876868704706974533e+00	1.143591324824580902e+01	1.000000000000000000e+00
3.199259545437201258e+00	3.898804355783132891e+00	1.000000000000000000e+00
9.972122280457071497e+00	5.129361574710376459e+00	1.000000000000000000e+00
1.912746847828403762e+00	6.010600703576905346e+00	1.000000000000000000e+00
5.129232974051827654e+00	7.308849139592109578e-01	1.000000000000000000e+00
1.120821462549122494e+01	5.158561289735034805e+00	1.000000000000000000e+00
1.167756176873296470e+00	1.134770301906395673e+01	1.000000000000000000e+00
1.125870972801736514e+01	3.017898519023354709e+00	1.000000000000000000e+00
6.907408054891494231e+00	3.986178192117180163e+00	1.000000000000000000e+00
3.148796361379254449e+00	6.039696864688639977e+00	1.000000000000000000e+00
3.291673271135047568e-02	7.037487318677005277e+00	1.000000000000000000e+00
6.264110817384091590e+00	5.042045926571200098e+00	1.000000000000000000e+00
3.691239825736511992e+00	9.265552265521202813e+00	1.000000000000000000e+00
1.561057193048130820e+01	2.050031641193278187e+00	1.000000000000000000e+00
7.449617275521714710e+00	7.211900990841732195e+00	1.000000000000000000e+00
4.435311725730964660e+00	3.928016543045550701e+00	1.000000000000000000e+00
6.957765971092347179e+00	1.844797195720925931e+00	1.000000000000000000e+00
9.328870253846099914e+00	6.185147725305559341e+00	1.000000000000000000e+00
6.259890002057992842e-01	8.122631788295876731e+00	1.000000000000000000e+00
1.501782427497653138e+01	9.644594648267866832e-01	1.000000000000000000e+00
1.056496523655394526e+01	6.214411678620709978e+00	1.000000000000000000e+00
5.671357977625637758e+00	3.957138836283917271e+00	1.000000000000000000e+00
1.759246082114979259e+01	1.507758384920886741e+01	1.000000000000000000e+00
5.620848242390107607e+00	6.097893723472420646e+00	1.000000000000000000e+00
2.455274169033947018e+00	9.236396750488838236e+00	1.000000000000000000e+00
1.313807240208998017e+01	1.991195543319320693e+00	1.000000000000000000e+00
6.856861032336968087e+00	6.126965920592600590e+00	1.000000000000000000e+00
4.284030878686684751e+00	1.035057767787274585e+01	1.000000000000000000e+00
1.496692956455562218e+01	3.106242459778933984e+00	1.000000000000000000e+00
8.092868779188350459e+00	6.156038390393391069e+00	1.000000000000000000e+00
1.218806543996704850e+00	9.207723476098685467e+00	1.000000000000000000e+00
8.193918989163938349e+00	1.873886681507838325e+00	1.000000000000000000e+00
8.685627362254486172e+00	7.240975358088286740e+00	1.000000000000000000e+00
3.640727813270801860e+00	1.140690672389826865e+01	1.000000000000000000e+00
5.721892542341615595e+00	1.816280484183755206e+00	1.000000000000000000e+00
9.921673393570101140e+00	7.270070130001967001e+00	1.000000000000000000e+00
3.098428115460267307e+00	8.180531869673625778e+00	1.000000000000000000e+00
5.078587720991559529e+00	2.872210469207932437e+00	1.000000000000000000e+00
4.977612630509091751e+00	7.153754848971257019e+00	1.000000000000000000e+00
1.812031116081015414e+00	1.029228701259297196e+01	1.000000000000000000e+00
1.254521467794190137e+01	9.057451492750341338e-01	1.000000000000000000e+00
6.213621953369857565e+00	7.182833017921968377e+00	1.000000000000000000e+00
2.404487087386979471e+00	1.137784201782994309e+01	1.000000000000000000e+00
1.373057263742229850e+01	3.076939678225166119e+00	1.000000000000000000e+00
8.042387756378214902e+00	8.296827972976752008e+00	1.000000000000000000e+00
5.028078169022139221e+00	5.012963824349875530e+00	1.000000000000000000e+00
6.314670113832843157e+00	2.901290558966190147e+00	1.000000000000000000e+00
1.051449712067923947e+01	8.355004579735147985e+00	1.000000000000000000e+00
1.319642100409103458e+00	4.925394162658733421e+00	1.000000000000000000e+00
8.786680919359733721e+00	2.959251300992919997e+00	1.000000000000000000e+00
1.180162180950774875e+01	6.243266983155624672e+00	1.000000000000000000e+00
1.170073942907327869e+01	1.052515405467353027e+01	1.000000000000000000e+00
1.066601302053111766e+01	1.932756830016273408e+00	1.000000000000000000e+00
5.570404539045275882e+00	8.238715248366446531e+00	1.000000000000000000e+00
1.862357701616590644e+00	8.151542829267508949e+00	1.000000000000000000e+00
9.430104027744221185e+00	1.902951187442589731e+00	1.000000000000000000e+00
6.806402020911769490e+00	8.267774684226761650e+00	1.000000000000000000e+00
8.585580787199312169e+00	1.152304940840940439e+01	1.000000000000000000e+00
1.130874902660941395e+01	8.765050751946680263e-01	1.000000000000000000e+00
7.399215174755155111e+00	9.352721318098705439e+00	1.000000000000000000e+00
1.269525745504979097e+00	7.066544745204309308e+00	1.000000000000000000e+00
1.962944488728948222e+00	3.869414271403732730e+00	1.000000000000000000e+00
9.278393088818381429e+00	8.325908567201166122e+00	1.000000000000000000e+00
2.606280370963043769e+00	2.813416274890585100e+00	1.000000000000000000e+00
2.555997198850201713e+00	4.954683881683712876e+00	1.000000000000000000e+00
1.115822378756009847e+01	7.299539332233168309e+00	1.000000000000000000e+00
6.763586702306639831e-01	5.981397253264790770e+00	1.000000000000000000e+00
3.842533260411635343e+00	2.842988889304824074e+00	1.000000000000000000e+00
5.520066032686733237e+00	1.037961815738701787e+01	1.000000000000000000e+00
4.927223978631286805e+00	9.294622329332550947e+00	1.000000000000000000e+00
1.190203553333050657e+01	1.961943955417809970e+00	1.000000000000000000e+00
6.163220707625171713e+00	9.323682089840227505e+00	1.000000000000000000e+00
1.046416000528089896e+01	1.049628184202656733e+01	1.000000000000000000e+00
1.249470876447087697e+01	3.047075649795008001e+00	1.000000000000000000e+00
8.635220012529861933e+00	9.381753734387226373e+00	1.000000000000000000e+00
3.792038428025243046e+00	4.983837744598988984e+00	1.000000000000000000e+00
1.002263269192954631e+01	2.988569292818897161e+00	1.000000000000000000e+00
9.871305108302601994e+00	9.410880881864526870e+00	1.000000000000000000e+00
3.741607646223624961e+00	7.124655258375010014e+00	1.000000000000000000e+00
1.185204708758614700e+01	4.103181044121586574e+00	1.000000000000000000e+00
1.110773057570954769e+01	9.439694842366906258e+00	1.000000000000000000e+00
4.384819757347604430e+00	6.068798474939727683e+00	1.000000000000000000e+00
1.378147608364265153e+01	9.350598806046617195e-01	1.000000000000000000e+00
7.349164090574966224e+00	1.149402272350982379e+01	1.000000000000000000e+00
3.048038498293005105e+00	1.032152693924265385e+01	1.000000000000000000e+00
1.437403807822550483e+01	2.020676835400784910e+00	1.000000000000000000e+00
6.756091289589836180e+00	1.040868035262854185e+01	1.000000000000000000e+00
2.505583599569687792e+00	7.095597674326604043e+00	1.000000000000000000e+00
7.550645898340939688e+00	2.930180288155430635e+00	1.000000000000000000e+00
7.992079727410371426e+00	1.043769115057572172e+01	1.000000000000000000e+00
6.112989471943818032e+00	1.146497660430376975e+01	1.000000000000000000e+00
1.061546590286784664e+01	4.073548263517154489e+00	1.000000000000000000e+00
9.228149435484361618e+00	1.046675432226027347e+01	1.000000000000000000e+00
