7.035094460973033925e+00	5.697679275156556145e+00	1.000000000000000000e+00
6.307526691426417642e+00	1.302286603696795098e+01	1.000000000000000000e+00
4.900668045857920596e+00	5.301997843347002970e+00	1.000000000000000000e+00
8.408795402661526808e+00	5.535433123063875804e+00	1.000000000000000000e+00
5.959569833498884250e+00	1.034742142669701082e+01	1.000000000000000000e+00
1.550366558601266043e+01	1.567193546841048146e+01	1.000000000000000000e+00
9.014542168778861608e+00	4.776891724062642730e+00	1.000000000000000000e+00
3.732739445153471003e+00	1.075680089563552855e+01	1.000000000000000000e+00
1.190543573969242530e+01	7.856311998551996467e+00	1.000000000000000000e+00
1.037794555205418767e+01	4.640630064347417871e+00	1.000000000000000000e+00
1.674923732511629959e+00	6.774213217404573051e+00	1.000000000000000000e+00
6.876685930700844551e+00	4.347953165187669278e+00	1.000000000000000000e+00
9.621685166192021299e+00	4.019045278212504790e+00	1.000000000000000000e+00
1.547505033131189300e+01	1.433318410971916457e+01	1.000000000000000000e+00
6.260650431889632550e+00	5.097846266068673415e+00	1.000000000000000000e+00
6.441589116221757116e+00	6.465170971156596558e+00	1.000000000000000000e+00
3.905531625481089009e+00	8.203899033936961516e+00	1.000000000000000000e+00
7.639978211187990809e+00	4.939907283327483967e+00	1.000000000000000000e+00
7.805324652149509213e+00	6.291715022787163214e+00	1.000000000000000000e+00
4.315294080565316825e+00	6.088243976319880346e+00	1.000000000000000000e+00
8.821775677032574592e+00	3.410303811899250803e+00	1.000000000000000000e+00
8.568972531936411841e+00	6.890162475052428626e+00	1.000000000000000000e+00
2.686900162276061987e+00	7.635680034613852918e+00	1.000000000000000000e+00
6.697278753535496953e+00	2.499390703396868307e+00	1.000000000000000000e+00
9.780344529468592896e+00	5.386595243471747452e+00	1.000000000000000000e+00
3.738208888845426348e+00	6.860949048446483012e+00	1.000000000000000000e+00
1.194300745033834943e+01	2.205540880822448369e+00	1.000000000000000000e+00
1.118462707709626791e+01	5.227733622242753064e+00	1.000000000000000000e+00
4.687207279652343850e+00	8.830122955226588743e+00	1.000000000000000000e+00
9.384931449481378252e+00	2.176696387718385139e+00	1.000000000000000000e+00
5.091415418093610867e+00	6.664534192475857211e+00	1.000000000000000000e+00
7.340692727884273516e+00	1.218282141350955072e+01	1.000000000000000000e+00
1.254295909398129183e+01	5.484616914879985039e+00	1.000000000000000000e+00
6.624450748543246448e+00	7.818954718885193778e+00	1.000000000000000000e+00
5.276615670856259044e+00	8.050433770834032998e+00	1.000000000000000000e+00
1.066878744876411567e+01	1.975035051133276376e+00	1.000000000000000000e+00
7.211173538448429454e+00	7.053236947293064496e+00	1.000000000000000000e+00
2.224214835200229778e+00	5.569054530857791896e+00	1.000000000000000000e+00
1.091880397139270187e+01	3.849597639816362271e+00	1.000000000000000000e+00
9.172255189641028039e+00	6.136202842633956323e+00	1.000000000000000000e+00
3.448710002067553848e+00	1.206644499234959689e+01	1.000000000000000000e+00
5.484896222371309804e+00	4.488266124901952203e+00	1.000000000000000000e+00
1.053957622838588293e+01	5.992866467715725065e+00	1.000000000000000000e+00
4.717070299309070514e+00	1.166664056711047159e+01	1.000000000000000000e+00
1.488556136634136173e+01	1.685953289227289176e+01	1.000000000000000000e+00
6.062839777023917520e+00	8.608941256618509286e+00	1.000000000000000000e+00
1.463057896094892119e+00	4.470504913134051961e+00	1.000000000000000000e+00
8.244802811516764862e+00	4.187178529367372448e+00	1.000000000000000000e+00
5.854988639067943978e+00	7.247962124075647772e+00	1.000000000000000000e+00
2.939210662640774796e+00	6.293343538257330394e+00	1.000000000000000000e+00
8.929135782711664637e-01	5.684763328543143146e+00	1.000000000000000000e+00
7.974145569158634927e+00	7.649998421196281484e+00	1.000000000000000000e+00
6.089122719207841428e+00	1.166391006483248738e+01	1.000000000000000000e+00
1.662089031414459583e+01	1.363976561207445393e+01	1.000000000000000000e+00
9.928882463475275699e+00	6.748260263539613391e+00	1.000000000000000000e+00
4.692281824558429015e+00	9.839253166646198423e+00	1.000000000000000000e+00
7.482760125150492492e+00	3.568720338407877612e+00	1.000000000000000000e+00
1.172046954905463600e+01	6.512086413751132952e+00	1.000000000000000000e+00
2.458972610843249029e+00	1.116311176560709129e+01	1.000000000000000000e+00
2.800378674518776201e+00	4.370266820353967852e+00	1.000000000000000000e+00
6.958026230614431817e+00	9.592254544593680876e+00	1.000000000000000000e+00
5.364839930695898040e+00	1.274582804170010242e+01	1.000000000000000000e+00
1.342681093067643161e+01	4.444424801355256527e+00	1.000000000000000000e+00
7.387639948832379844e+00	8.411745876695421842e+00	1.000000000000000000e+00
4.055266181249276514e+00	1.430176255354296089e+01	1.000000000000000000e+00
6.139673114995137126e+00	3.722826162337977252e+00	1.000000000000000000e+00
8.150056918950369322e+00	9.028207749121866854e+00	1.000000000000000000e+00
3.113665452415518953e+00	1.335662299224050464e+01	1.000000000000000000e+00
3.550568851727749387e+00	5.486323515932870265e+00	1.000000000000000000e+00
1.006200531452956426e+01	8.140857834934399406e+00	1.000000000000000000e+00
1.622306580590635150e+01	1.680101771381312403e+01	1.000000000000000000e+00
9.736226942603121159e+00	3.070845015559845237e+00	1.000000000000000000e+00
1.068650627047806623e+01	7.358318088395247258e+00	1.000000000000000000e+00
1.664742794295653638e+01	1.497851594687850785e+01	1.000000000000000000e+00
1.290393660024017031e+01	3.184464376344488201e+00	1.000000000000000000e+00
7.191303088007787281e+00	1.087074165469817011e+01	1.000000000000000000e+00
5.076867298344327040e+00	1.074431289741676565e+01	1.000000000000000000e+00
4.933021330168995355e+00	3.233390280400044503e+00	1.000000000000000000e+00
8.270328635462309563e+00	1.002511107468080453e+01	1.000000000000000000e+00
1.681012339998098071e+01	1.597510386069562394e+01	1.000000000000000000e+00
1.158277102074687903e+01	3.094320449810781692e+00	1.000000000000000000e+00
8.729438651577586583e+00	8.247221345157022654e+00	1.000000000000000000e+00
5.356590211948462077e+00	1.401001067207976014e+01	1.000000000000000000e+00
1.212916885470782447e+01	4.275130842704417233e+00	1.000000000000000000e+00
1.084745108648743894e+01	8.702585762761730237e+00	1.000000000000000000e+00
4.411502912995549863e+00	1.300678143599252046e+01	1.000000000000000000e+00
8.038399860549404252e+00	2.343171304347283712e+00	1.000000000000000000e+00
1.038434731312832149e+01	9.553593536554398469e+00	1.000000000000000000e+00
5.579769842289189263e+00	9.438724844571074968e+00	1.000000000000000000e+00
1.065034748627135563e+01	2.920904110058141434e+00	1.000000000000000000e+00
8.417612054241168096e+00	1.136937949757903077e+01	1.000000000000000000e+00
3.451649132770461925e+00	9.439489347037259392e+00	1.000000000000000000e+00
4.129285792731558935e+00	4.273042229219027988e+00	1.000000000000000000e+00
9.505060917768929585e+00	1.059481972183916731e+01	1.000000000000000000e+00
4.518039848512023227e+00	7.449408063836647997e+00	1.000000000000000000e+00
5.673979959371854065e+00	5.876319600449283698e+00	1.000000000000000000e+00
9.328706919901014416e+00	7.493608379948340392e+00	1.000000000000000000e+00
1.752766910476988116e+01	1.710534718502637475e+01	1.000000000000000000e+00
1.756995946703618827e+01	1.401004299127342634e+01	1.000000000000000000e+00
9.454702442996454792e+00	9.291388106803037061e+00	1.000000000000000000e+00
