5.997661775573728704e+00	4.725998370875086785e+00	1.000000000000000000e+00
2.798709005833907693e+00	5.922960121946186263e+00	1.000000000000000000e+00
3.577378953907166093e+00	3.826805278932596810e+00	1.000000000000000000e+00
7.207800874826243209e+00	5.175612323430105910e+00	1.000000000000000000e+00
2.020084742900574160e+00	8.019176324449441395e+00	1.000000000000000000e+00
3.361528097018191996e+00	2.553767493111626763e+00	1.000000000000000000e+00
9.412403206720103555e+00	4.802082072339613816e+00	1.000000000000000000e+00
3.446086796888137460e+00	9.741526179799047114e+00	1.000000000000000000e+00
4.356027415283703519e+00	1.730475949089744558e+00	1.000000000000000000e+00
1.062300053939242872e+01	5.251535516441284024e+00	1.000000000000000000e+00
2.883995399082400990e+00	1.311057491835974531e+01	1.000000000000000000e+00
2.367033166555477575e+00	3.377052218270601092e+00	1.000000000000000000e+00
1.083832611804214174e+01	6.524350148750397871e+00	1.000000000000000000e+00
7.507436430974206765e+00	1.363618616221788216e+01	1.000000000000000000e+00
3.793107197827735089e+00	5.099668849898583822e+00	1.000000000000000000e+00
4.787532339234433998e+00	4.276398268577107586e+00	1.000000000000000000e+00
1.588527496507361692e+00	5.473400212841962542e+00	1.000000000000000000e+00
5.350565410183319770e+00	9.071997527896199509e-01	1.000000000000000000e+00
7.423539170734358095e+00	6.448409509074575219e+00	1.000000000000000000e+00
8.096867536803097343e-01	7.569649533289094734e+00	1.000000000000000000e+00
5.566325228593882457e+00	2.180278806229207333e+00	1.000000000000000000e+00
8.202237596828332755e+00	4.352437907170851439e+00	1.000000000000000000e+00
1.248031138638225457e+01	9.519680897866590996e+00	1.000000000000000000e+00
7.292419735252086532e+00	1.236292396435514362e+01	1.000000000000000000e+00
9.628140321330677764e+00	6.074771676216123240e+00	1.000000000000000000e+00
6.790938889115948340e-01	1.348438177242273106e+01	1.000000000000000000e+00
4.872192218008280840e+00	1.146375607696729126e+01	1.000000000000000000e+00
1.204868173539823673e+01	6.973504679671302497e+00	1.000000000000000000e+00
1.111414443192953350e+00	1.603059646070038013e+01	1.000000000000000000e+00
4.571846041302491059e+00	3.003535854414328909e+00	1.000000000000000000e+00
5.003241089710630973e+00	5.549240511623243499e+00	1.000000000000000000e+00
4.224605061531029548e+00	7.645352753133667356e+00	1.000000000000000000e+00
6.776430431026799539e+00	2.629963229101987654e+00	1.000000000000000000e+00
6.213384071253384988e+00	5.998814666872297252e+00	1.000000000000000000e+00
3.230249942519259676e+00	8.468688136195847704e+00	1.000000000000000000e+00
6.345182710617800481e+00	8.384049401071026753e-02	1.000000000000000000e+00
8.633711928062412611e+00	6.897992193539284500e+00	1.000000000000000000e+00
2.235889215029125854e+00	9.292065766251212722e+00	1.000000000000000000e+00
6.560843245194575957e+00	1.357052053662568758e+00	1.000000000000000000e+00
9.843875382129388285e+00	7.347597695331379519e+00	1.000000000000000000e+00
3.878429183964616112e+00	1.228749914241639196e+01	1.000000000000000000e+00
5.781975736999444671e+00	3.453162470368439596e+00	1.000000000000000000e+00
1.226448720841809603e+01	8.246617738624225424e+00	1.000000000000000000e+00
1.889686289742331216e+00	1.393405300110445921e+01	1.000000000000000000e+00
6.992099842310955715e+00	3.902801495674607324e+00	1.000000000000000000e+00
5.218982645534104847e+00	6.822056548444130009e+00	1.000000000000000000e+00
2.582941055588132251e+00	4.650088532028494370e+00	1.000000000000000000e+00
6.296965116313094413e+00	1.318613277576999643e+01	1.000000000000000000e+00
6.429144385083866986e+00	7.271607853947950950e+00	1.000000000000000000e+00
5.938916220890858577e-01	6.296729359918158409e+00	1.000000000000000000e+00
7.770895563975456888e+00	1.806797294922640740e+00	1.000000000000000000e+00
7.639313967247597148e+00	7.721196470853728400e+00	1.000000000000000000e+00
1.241331399728818896e+00	1.011554894463164267e+01	1.000000000000000000e+00
7.986546391040606707e+00	3.079625841376922413e+00	1.000000000000000000e+00
8.849480447980250020e+00	8.170777168932103152e+00	1.000000000000000000e+00
7.076599212526414995e+00	1.109007591313226548e+01	1.000000000000000000e+00
6.860846430895945147e+00	9.817182193381663424e+00	1.000000000000000000e+00
1.105408902787965175e+01	7.797186694808779350e+00	1.000000000000000000e+00
2.105949186474501467e+00	1.520694043863109535e+01	1.000000000000000000e+00
7.555487972866495205e+00	5.336215005764884944e-01	1.000000000000000000e+00
5.434767354530575467e+00	8.094851945775483060e+00	1.000000000000000000e+00
4.008843587478533976e+00	6.372516137254829793e+00	1.000000000000000000e+00
8.981040495553314074e+00	2.256463447728006333e+00	1.000000000000000000e+00
5.650615318445875168e+00	9.367610569280422794e+00	1.000000000000000000e+00
1.025475540256288953e+00	8.842590767758192527e+00	1.000000000000000000e+00
8.765420527672938888e+00	9.836062361295841994e-01	1.000000000000000000e+00
6.644950017666438669e+00	8.544389266241996239e+00	1.000000000000000000e+00
3.662024052374457828e+00	1.101435827364832321e+01	1.000000000000000000e+00
8.417947705520932189e+00	5.625224783958224783e+00	1.000000000000000000e+00
1.005967988214927722e+01	8.620404825563200646e+00	1.000000000000000000e+00
2.667930922668554583e+00	1.183772545759035388e+01	1.000000000000000000e+00
9.196665907405094487e+00	3.529255855033000433e+00	1.000000000000000000e+00
1.126981492709985844e+01	9.070039289879741062e+00	1.000000000000000000e+00
8.951823743490797680e-01	1.475747471120523535e+01	1.000000000000000000e+00
9.759651378521894571e+00	1.600451502114558222e-01	1.000000000000000000e+00
4.656273784537517280e+00	1.019092088085626102e+01	1.000000000000000000e+00
1.372564568681856612e+00	4.200383812416180973e+00	1.000000000000000000e+00
1.040682761888809260e+01	3.978890503240426035e+00	1.000000000000000000e+00
5.866463830497194110e+00	1.064032854646599446e+01	1.000000000000000000e+00
1.804310047701556341e+00	6.746279931219204329e+00	1.000000000000000000e+00
1.097007827040215666e+01	6.098343711670035638e-01	1.000000000000000000e+00
7.855108265200868800e+00	8.994027552034083328e+00	1.000000000000000000e+00
2.451777262556734449e+00	1.056493440902456271e+01	1.000000000000000000e+00
9.975570700970397553e+00	1.433248326240807113e+00	1.000000000000000000e+00
1.027524783838786249e+01	9.893571352990292667e+00	1.000000000000000000e+00
1.673641964865744569e+00	1.266120434722136423e+01	1.000000000000000000e+00
1.118570774928377709e+01	1.882985026456034827e+00	1.000000000000000000e+00
1.148566336802975485e+01	1.034319140167992934e+01	1.000000000000000000e+00
3.100454784794901553e+00	1.438331157981814279e+01	1.000000000000000000e+00
1.019118281991700670e+01	2.706069260040539159e+00	1.000000000000000000e+00
4.440419284351386331e+00	8.918154106238810996e+00	1.000000000000000000e+00
3.779816646885912346e-01	5.023737855844921718e+00	1.000000000000000000e+00
1.140150117655908169e+01	3.156102186099822848e+00	1.000000000000000000e+00
6.082002727721788737e+00	1.191327087266041040e+01	1.000000000000000000e+00
3.014463163585099803e+00	7.195832005066496784e+00	1.000000000000000000e+00
1.218045597080329223e+01	1.059624747151514113e+00	1.000000000000000000e+00
8.071217259945200340e+00	1.026716399347051834e+01	1.000000000000000000e+00
1.457290994623680946e+00	1.138851318990341532e+01	1.000000000000000000e+00
1.239615559904391517e+01	2.332797369698357937e+00	1.000000000000000000e+00
9.065272784953156915e+00	9.443626632762503803e+00	1.000000000000000000e+00
