5.434018199095794088e+00	4.792018608087732723e+00	1.000000000000000000e+00
4.243039711178314910e+00	4.916444020815998073e+00	1.000000000000000000e+00
1.328284482138541733e+01	5.016619080535184239e+00	1.000000000000000000e+00
8.303841258558795957e+00	3.449901923944561410e+00	1.000000000000000000e+00
3.482350441205491975e+00	9.166398794487067292e+00	1.000000000000000000e+00
1.801975623594459464e+01	1.806993631951814905e+01	1.000000000000000000e+00
7.815918898735259468e+00	4.543359467110195560e+00	1.000000000000000000e+00
7.272139033278809173e+00	1.085617041090496571e+01	1.000000000000000000e+00
9.279847438278377325e+00	1.262517632402954115e+00	1.000000000000000000e+00
1.160387588617007459e+01	6.233845434087093018e+00	1.000000000000000000e+00
8.281329984580690917e-01	1.256839737462823692e+01	1.000000000000000000e+00
7.600748892698288905e+00	2.480620599721874875e+00	1.000000000000000000e+00
1.090083907820111264e+01	5.264395237120798043e+00	1.000000000000000000e+00
1.530970270386524001e+00	1.353833735080781686e+01	1.000000000000000000e+00
4.027600462951324900e+00	2.853720134066033864e+00	1.000000000000000000e+00
6.624940837351974032e+00	4.667654684194719295e+00	1.000000000000000000e+00
2.348478089713784911e+00	4.071999845085895409e+00	1.000000000000000000e+00
1.047115180095101650e+01	1.138252884373666118e+00	1.000000000000000000e+00
7.328032648278648864e+00	5.636875256330697859e+00	1.000000000000000000e+00
3.266937206834222174e+00	7.103671260044773561e+00	1.000000000000000000e+00
5.921830247900558675e+00	3.698463779044821376e+00	1.000000000000000000e+00
8.518955438304722350e+00	5.512577823620889994e+00	1.000000000000000000e+00
5.377432193976083852e+00	1.001097598315747383e+01	1.000000000000000000e+00
6.409692925337081348e+00	2.604959410253995244e+00	1.000000000000000000e+00
9.006843200254030180e+00	4.419153909986561324e+00	1.000000000000000000e+00
3.913397018192489973e+00	1.329096979906204545e+01	1.000000000000000000e+00
1.398631664640177164e+01	5.985703024734538857e+00	1.000000000000000000e+00
1.111592511345691214e+01	7.327181977755703457e+00	1.000000000000000000e+00
2.508097636116592977e+00	1.135092234093369434e+01	1.000000000000000000e+00
1.019785811044047463e+01	4.295031051725653803e+00	1.000000000000000000e+00
6.137172714965014819e+00	5.761180815127373123e+00	1.000000000000000000e+00
6.784134063307236673e+00	1.194993132783143608e+01	1.000000000000000000e+00
1.377125458179658501e+01	3.922983833257894570e+00	1.000000000000000000e+00
6.840304964550657729e+00	6.730408721940897898e+00	1.000000000000000000e+00
3.051729176049402970e+00	5.041381144629766276e+00	1.000000000000000000e+00
3.755284704740410096e+00	6.010132618259621751e+00	1.000000000000000000e+00
8.734231384538498233e+00	7.575343944513921457e+00	1.000000000000000000e+00
3.425156300584641933e+00	1.438460331718611407e+01	1.000000000000000000e+00
1.645063880962247094e+00	3.102553384565052585e+00	1.000000000000000000e+00
9.221987425595150611e+00	6.481827265109441072e+00	1.000000000000000000e+00
2.019717561563665331e+00	1.244472887284901219e+01	1.000000000000000000e+00
9.982884676310174399e+00	2.232260760357840379e+00	1.000000000000000000e+00
9.709869018411989572e+00	5.388437633039155017e+00	1.000000000000000000e+00
4.616660726470104947e+00	1.426083941306023739e+01	1.000000000000000000e+00
9.494860226665059244e+00	3.325696004774555625e+00	1.000000000000000000e+00
5.161734196810612296e+00	7.948311624458898272e+00	1.000000000000000000e+00
2.836563841520927998e+00	2.978161249065155669e+00	1.000000000000000000e+00
8.031109490176419285e+00	6.606099876796893255e+00	1.000000000000000000e+00
5.649443853726059395e+00	6.854753528380156169e+00	1.000000000000000000e+00
4.946290482365220065e+00	5.885574153025591393e+00	1.000000000000000000e+00
1.209176107624506180e+01	5.140501101869449307e+00	1.000000000000000000e+00
8.246747290162561583e+00	8.668923447592687737e+00	1.000000000000000000e+00
5.592822546981530252e+00	1.207376881391206425e+01	1.000000000000000000e+00
8.791811121941869089e+00	2.356384206950604021e+00	1.000000000000000000e+00
1.041285743152956833e+01	6.357749601832112241e+00	1.000000000000000000e+00
2.722309961884372242e+00	1.341460353254518978e+01	1.000000000000000000e+00
5.706454750243648455e+00	1.635350912624266240e+00	1.000000000000000000e+00
9.924930026749066769e+00	7.451073733225643814e+00	1.000000000000000000e+00
2.132975236620658688e+00	2.008526386001725506e+00	1.000000000000000000e+00
4.730788987922782241e+00	3.822845292506367620e+00	1.000000000000000000e+00
5.865003279146173476e+00	8.917492656431011966e+00	1.000000000000000000e+00
1.117422819256552025e+01	2.107925554584995531e+00	1.000000000000000000e+00
1.349813188486882254e+01	7.079725298602594030e+00	1.000000000000000000e+00
7.543437624593757995e+00	7.699625178501778855e+00	1.000000000000000000e+00
4.458567048647700481e+00	6.979220962923290195e+00	1.000000000000000000e+00
1.138880097126254753e+01	4.171017849715409120e+00	1.000000000000000000e+00
8.949965493563095009e+00	9.638879187637940049e+00	1.000000000000000000e+00
4.401773507783173223e+00	1.219769236412456870e+01	1.000000000000000000e+00
3.324252205762521228e+00	1.884144184086249396e+00	1.000000000000000000e+00
9.437402657549732510e+00	8.544688791462506927e+00	1.000000000000000000e+00
3.210626233934171125e+00	1.232133083667313400e+01	1.000000000000000000e+00
7.112802592364420917e+00	3.574145584891017524e+00	1.000000000000000000e+00
1.230676662381008235e+01	7.204045601106122021e+00	1.000000000000000000e+00
2.233705742333609745e+00	1.450835526521048635e+01	1.000000000000000000e+00
6.897573634876772886e+00	1.511033630877626432e+00	1.000000000000000000e+00
6.568255674710656855e+00	9.886749829175132120e+00	1.000000000000000000e+00
3.698941508897751529e+00	1.122815324501702783e+01	1.000000000000000000e+00
3.539782028633055688e+00	3.947400760656922802e+00	1.000000000000000000e+00
6.352627333077748517e+00	7.823943594073673680e+00	1.000000000000000000e+00
3.970615774235427775e+00	8.072756000174477364e+00	1.000000000000000000e+00
1.187739082830243120e+01	3.077366427533652526e+00	1.000000000000000000e+00
7.759111885560711741e+00	9.762407079782452257e+00	1.000000000000000000e+00
4.889918469743572693e+00	1.110441369472558293e+01	1.000000000000000000e+00
1.068593275152872479e+01	3.201597576761017638e+00	1.000000000000000000e+00
1.062845470158633532e+01	8.420241563651574168e+00	1.000000000000000000e+00
5.104592660065898180e+00	1.316722197275424300e+01	1.000000000000000000e+00
1.257990108807053709e+01	4.046981234292137408e+00	1.000000000000000000e+00
1.133256274375496986e+01	9.388795090132324717e+00	1.000000000000000000e+00
6.295827375859986752e+00	1.304384447659475832e+01	1.000000000000000000e+00
1.279471424467557483e+01	6.110103692325099090e+00	1.000000000000000000e+00
6.080828994211088023e+00	1.098029470482268799e+01	1.000000000000000000e+00
1.316770978833398997e+00	1.147465808448217395e+01	1.000000000000000000e+00
8.088692314189662724e+00	1.386711901705499628e+00	1.000000000000000000e+00
7.055823258803354037e+00	8.793147968150949012e+00	1.000000000000000000e+00
4.674078118194040066e+00	9.041786101070094617e+00	1.000000000000000000e+00
4.515346308780302742e+00	1.759730320657365121e+00	1.000000000000000000e+00
1.014083510644480057e+01	9.513892224594037828e+00	1.000000000000000000e+00
4.186361418440948334e+00	1.013516836663999143e+01	1.000000000000000000e+00
5.218611888464854687e+00	2.729291980652380101e+00	1.000000000000000000e+00
1.084423666054352964e+01	1.048310660602935585e+01	1.000000000000000000e+00
