5.953524291978418148e+00	3.519611246058894416e+00	1.000000000000000000e+00
3.952413449162657244e+00	7.118003672214135769e+00	1.000000000000000000e+00
1.108560608736365438e+01	1.341350530823561149e+00	1.000000000000000000e+00
4.373760777780195674e+00	5.121283074192823470e+00	1.000000000000000000e+00
2.188414070016805990e+00	9.643674704020114063e+00	1.000000000000000000e+00
5.007420459204162455e+00	3.840346751296823236e+00	1.000000000000000000e+00
9.347583386938152827e+00	4.788347831464266235e+00	1.000000000000000000e+00
2.731758025153458114e+00	1.220539088043829423e+01	1.000000000000000000e+00
6.267990305480496183e+00	4.446727377745958165e+00	1.000000000000000000e+00
8.410860954252092014e+00	4.763077280365269672e+00	1.000000000000000000e+00
4.094574351483948327e+00	1.021377755176276914e+01	1.000000000000000000e+00
5.327752208309496140e+00	4.775275662973593960e+00	1.000000000000000000e+00
9.719044723819241227e+00	3.931866932428745187e+00	1.000000000000000000e+00
3.818047992633980314e+00	1.116485561114810032e+01	1.000000000000000000e+00
5.644917272785360041e+00	2.582409133135628920e+00	1.000000000000000000e+00
5.676728567613892551e+00	5.709252450159507219e+00	1.000000000000000000e+00
5.062284282533154212e+00	1.046480998940603335e+01	1.000000000000000000e+00
1.340527127352647696e+01	4.068288103628223240e+00	1.000000000000000000e+00
6.587997573665069773e+00	5.379003101471417025e+00	1.000000000000000000e+00
6.014839675382468442e+00	6.623183501050683653e+00	1.000000000000000000e+00
8.239262019828050398e+00	3.800079923535108151e+00	1.000000000000000000e+00
7.849636299522497751e+00	7.157477553124961922e+00	1.000000000000000000e+00
9.554180945844982231e-01	1.026552895252902609e+01	1.000000000000000000e+00
8.652323275225903387e+00	2.398590689617166039e+00	1.000000000000000000e+00
9.664156879107947518e+00	6.133747125103823805e+00	1.000000000000000000e+00
3.137790129036287290e+00	9.936108343583592628e+00	1.000000000000000000e+00
1.066271682984003100e+01	4.431744083676404600e+00	1.000000000000000000e+00
1.153348825089831386e+01	4.918039833667172012e+00	1.000000000000000000e+00
4.741755105722868180e+00	6.020616498357597379e+00	1.000000000000000000e+00
1.025520604160072757e+01	3.105666161143829207e+00	1.000000000000000000e+00
6.744208386921974885e+00	7.836627254715265778e+00	1.000000000000000000e+00
1.912947669591573030e+00	1.058832876237634224e+01	1.000000000000000000e+00
8.321941084198913430e+00	1.498186671840781026e+00	1.000000000000000000e+00
8.237823843019558723e+00	6.301083111928273972e+00	1.000000000000000000e+00
5.807113642460814518e+00	7.604552592796494537e+00	1.000000000000000000e+00
1.454664408932811170e+01	3.245572365263146075e+00	1.000000000000000000e+00
8.843442454031039901e+00	5.607890379496817346e+00	1.000000000000000000e+00
2.864674146194015503e+00	1.089500556426303390e+01	1.000000000000000000e+00
1.421243402123960031e+01	1.868089061167804488e+00	1.000000000000000000e+00
1.003577926559639266e+01	7.485417825596885955e+00	1.000000000000000000e+00
1.985122259615287765e+00	6.053504353061550880e+00	1.000000000000000000e+00
1.063021677065792403e+01	2.227618257938685176e+00	1.000000000000000000e+00
1.018591971607254720e+01	5.281972035757505068e+00	1.000000000000000000e+00
2.583637712669073050e+00	6.788713032321165741e+00	1.000000000000000000e+00
1.153678783045008593e+01	2.668738205575486244e+00	1.000000000000000000e+00
6.517196437988943991e+00	8.804893393443606442e+00	1.000000000000000000e+00
4.355170969310395712e+00	9.262409658368236265e+00	1.000000000000000000e+00
4.070658329104333006e+00	4.171819922681345716e+00	1.000000000000000000e+00
7.345489758824708559e+00	5.958989953414898011e+00	1.000000000000000000e+00
3.403933500830261139e+00	8.984719513456784767e+00	1.000000000000000000e+00
9.313881152668148644e+00	3.057306184425388373e+00	1.000000000000000000e+00
9.200062959224730719e+00	6.996969404855778230e+00	1.000000000000000000e+00
5.318568099996938692e+00	9.521426316979512805e+00	1.000000000000000000e+00
1.110789824734504094e+01	3.566180791682258100e+00	1.000000000000000000e+00
9.139429716120842428e+00	8.519159946486626112e+00	1.000000000000000000e+00
7.698243653269831732e+00	8.091537361754157942e+00	1.000000000000000000e+00
3.438583953345819566e+00	5.415161832890876603e+00	1.000000000000000000e+00
1.188184442848154987e+01	6.289592937030759501e+00	1.000000000000000000e+00
4.875018053414445163e+00	7.369414810575204200e+00	1.000000000000000000e+00
1.197856508440320944e+01	1.781167252952126523e+00	1.000000000000000000e+00
6.285439504187412929e+00	9.764886360375442109e+00	1.000000000000000000e+00
3.689026968991747424e+00	1.212647771175943312e+01	1.000000000000000000e+00
9.757303260869843342e+00	1.748177145458122084e+00	1.000000000000000000e+00
6.944010439028173387e+00	6.837174966731942582e+00	1.000000000000000000e+00
2.497412925806855366e+00	5.256883492323152218e+00	1.000000000000000000e+00
1.241117914268121680e+01	3.116610334735262278e+00	1.000000000000000000e+00
8.437764926890510608e+00	9.200271578988058252e+00	1.000000000000000000e+00
1.571992842812683921e+00	1.150843935857028555e+01	1.000000000000000000e+00
1.541988603244695000e+01	3.735771472427941831e+00	1.000000000000000000e+00
1.103127246406752526e+01	5.795414495590905268e+00	1.000000000000000000e+00
3.123864972678773277e+00	4.474058664448333111e+00	1.000000000000000000e+00
1.371738076446599308e+01	2.719052194392352462e+00	1.000000000000000000e+00
1.105959063853703306e+01	7.422296782928762937e+00	1.000000000000000000e+00
4.827301502740279027e+00	1.141106031813495747e+01	1.000000000000000000e+00
1.333087755532564600e+01	1.371317390766633837e+00	1.000000000000000000e+00
7.043361466241548463e+00	1.094227211611936745e+01	1.000000000000000000e+00
2.741191219799314460e+00	7.737262930405805150e+00	1.000000000000000000e+00
6.904827697825060895e+00	3.197112208949107526e+00	1.000000000000000000e+00
7.479069904650971878e+00	9.027816656277710905e+00	1.000000000000000000e+00
1.800983844442937354e+00	7.440870193321792669e+00	1.000000000000000000e+00
7.835383719319356288e+00	2.872085824720963299e+00	1.000000000000000000e+00
1.051800074695558429e+01	6.618925678982538585e+00	1.000000000000000000e+00
3.661581763547350210e+00	8.032416525216962810e+00	1.000000000000000000e+00
7.516724149703439828e+00	5.034523164152291841e+00	1.000000000000000000e+00
8.602011198492196087e+00	7.743768834236258947e+00	1.000000000000000000e+00
5.565370967384009049e+00	8.568397757465284315e+00	1.000000000000000000e+00
1.199581397714227116e+01	4.016025436355015188e+00	1.000000000000000000e+00
9.630765883475762124e+00	9.833284720640593335e+00	1.000000000000000000e+00
2.457516724638054040e+00	8.692677588033637548e+00	1.000000000000000000e+00
1.285873508145297173e+01	2.236506859903471867e+00	1.000000000000000000e+00
6.048072853620214850e+00	1.072182477170975012e+01	1.000000000000000000e+00
4.614700921117709242e+00	8.318973243602052037e+00	1.000000000000000000e+00
7.211812447077419641e+00	4.115600850801756749e+00	1.000000000000000000e+00
7.261015613650153355e+00	9.983974883155894986e+00	1.000000000000000000e+00
3.410081325838859367e+00	6.349392512044113701e+00	1.000000000000000000e+00
7.385352504758286862e+00	1.909805633821074711e+00	1.000000000000000000e+00
8.249710806536921126e+00	1.018770568194388026e+01	1.000000000000000000e+00
1.511608913927230180e+00	8.409021063832966547e+00	1.000000000000000000e+00
1.506943710123837832e+01	2.389137744421770737e+00	1.000000000000000000e+00
1.052486896652914261e+01	8.748504910979290727e+00	1.000000000000000000e+00
