3.963931514874957873e+00	4.970852152534498636e+00	1.000000000000000000e+00
9.302246373573033189e-01	1.273083807323159533e+01	1.000000000000000000e+00
6.974078123576355814e+00	3.006490445539315992e+00	1.000000000000000000e+00
4.887282326603501481e+00	5.315051524381028791e+00	1.000000000000000000e+00
-6.962278813675313316e-01	1.485681477007153184e+01	1.000000000000000000e+00
1.176870976208976316e+01	2.488591068648683624e+00	1.000000000000000000e+00
8.807446095980647982e+00	4.420328968461174846e+00	1.000000000000000000e+00
2.256992965549433627e+00	1.290432552934326971e+01	1.000000000000000000e+00
1.391531090732949671e+01	1.614945996953284890e+00	1.000000000000000000e+00
1.012979619938639431e+01	4.602437957818863445e+00	1.000000000000000000e+00
6.307722295865215711e-01	1.502939977064172261e+01	1.000000000000000000e+00
1.309433544803108340e+01	2.671605183639485404e+00	1.000000000000000000e+00
1.145386682713522397e+01	4.785629200000018457e+00	1.000000000000000000e+00
1.144108197057181364e+00	1.626520194902033722e+01	1.000000000000000000e+00
8.299628733183473273e+00	3.180084201713836656e+00	1.000000000000000000e+00
5.804017765012770447e+00	6.318948719373245204e+00	1.000000000000000000e+00
2.647713750069914607e+00	4.779948219212140081e+00	1.000000000000000000e+00
4.836935359062247919e+00	3.957249007582850808e+00	1.000000000000000000e+00
5.752981876328333577e+00	4.960268760845637281e+00	1.000000000000000000e+00
2.037226987185758897e+00	9.374166371838363432e+00	1.000000000000000000e+00
7.487778583850048797e+00	4.240578541480831909e+00	1.000000000000000000e+00
7.986896915327218238e+00	5.479656740135432358e+00	1.000000000000000000e+00
1.168784862240158234e-01	1.379364860909624824e+01	1.000000000000000000e+00
1.126406554655217285e+01	1.249058347713748685e+00	1.000000000000000000e+00
9.308254842048167887e+00	5.660227125518466629e+00	1.000000000000000000e+00
1.820424986921231003e+00	5.833445747342576482e+00	1.000000000000000000e+00
1.807901214326946970e+01	1.019051788947064985e+01	1.000000000000000000e+00
1.063226169611917982e+01	5.842565861551801909e+00	1.000000000000000000e+00
5.205174813446988402e+00	1.094745009788915446e+01	1.000000000000000000e+00
1.359947647601326892e+01	3.911237866613919589e+00	1.000000000000000000e+00
6.671850054371947003e+00	5.298373247265868891e+00	1.000000000000000000e+00
3.584262631158225965e+00	1.307683889323038606e+01	1.000000000000000000e+00
1.208530966914367255e+01	1.924717686929194038e-01	1.000000000000000000e+00
7.146375742720584512e+00	6.530853036558974090e+00	1.000000000000000000e+00
4.180760173039216987e+00	8.479303799128821595e+00	1.000000000000000000e+00
1.094890934290889817e+01	3.545118286153573717e+00	1.000000000000000000e+00
8.478669717701523112e+00	6.715287744133487280e+00	1.000000000000000000e+00
1.937975700020189507e+01	1.050671865199820409e+01	1.000000000000000000e+00
1.473673163019965138e+01	5.582385056661304246e-01	1.000000000000000000e+00
9.806853211481215027e+00	6.898002157911150789e+00	1.000000000000000000e+00
3.366110729641937027e+00	9.543391726774505202e+00	1.000000000000000000e+00
5.117672152395803309e+00	1.626799064406620143e+00	1.000000000000000000e+00
1.195741951573763906e+01	6.026103005807700974e+00	1.000000000000000000e+00
4.997712305459832471e+00	7.412112106414255663e+00	1.000000000000000000e+00
1.441989999190556482e+01	2.854313235538995741e+00	1.000000000000000000e+00
6.320435024324522644e+00	7.575558325239416746e+00	1.000000000000000000e+00
1.673193102408897204e+01	1.447181702481329424e+01	1.000000000000000000e+00
1.927637536732441248e+01	1.885974652554503450e+01	1.000000000000000000e+00
7.651836340411199089e+00	7.766946465176517655e+00	1.000000000000000000e+00
3.659725118114763198e+00	7.254167423769119161e+00	1.000000000000000000e+00
1.524090434391326099e+01	1.797716850464499139e+00	1.000000000000000000e+00
8.981227708396835041e+00	7.951359857355621230e+00	1.000000000000000000e+00
3.069220901021707526e+00	1.184165418460299790e+01	1.000000000000000000e+00
9.624070300091878138e+00	3.361650212570519880e+00	1.000000000000000000e+00
1.030865554003298534e+01	8.136169308762982055e+00	1.000000000000000000e+00
2.849036351082121055e+00	8.311985208733897679e+00	1.000000000000000000e+00
1.161783042279643041e+01	1.732196572440039262e+01	1.000000000000000000e+00
1.113343858986395496e+01	7.082109756307610304e+00	1.000000000000000000e+00
1.900319142861978250e+01	9.222368948083163431e+00	1.000000000000000000e+00
6.168888770809342503e+00	4.066270059926550218e+00	1.000000000000000000e+00
5.508393956361920196e+00	8.646639328966948312e+00	1.000000000000000000e+00
4.396094971090311887e+00	1.201277183158754980e+01	1.000000000000000000e+00
1.845562191613273484e+01	1.147488082224363382e+01	1.000000000000000000e+00
6.832569327700552364e+00	8.820673463365659828e+00	1.000000000000000000e+00
1.328392594316106567e+00	4.584075112464282675e+00	1.000000000000000000e+00
1.044233740947766798e+01	2.304959423367679339e+00	1.000000000000000000e+00
8.159686414541006627e+00	9.005390619021984122e+00	1.000000000000000000e+00
2.771106830111778496e+00	1.413980118213593329e+01	1.000000000000000000e+00
1.227401697326133778e+01	3.728470751376761871e+00	1.000000000000000000e+00
9.486031034830441300e+00	9.188766601634338116e+00	1.000000000000000000e+00
4.468778750283981971e+00	6.201802995610412594e+00	1.000000000000000000e+00
1.277888499285436374e+01	4.968575407485189999e+00	1.000000000000000000e+00
1.163365108038176921e+01	8.323462043842638991e+00	1.000000000000000000e+00
3.144067383646562241e+00	6.021404630482244613e+00	1.000000000000000000e+00
9.114453487443785917e+00	2.121533811064401753e+00	1.000000000000000000e+00
4.693458983453320243e+00	9.712274236532039140e+00	1.000000000000000000e+00
2.167261852037796643e+00	3.535487440433804807e+00	1.000000000000000000e+00
4.325397190890515553e+00	2.706365677429220629e+00	1.000000000000000000e+00
7.342987412244915468e+00	1.006189698715402869e+01	1.000000000000000000e+00
2.328934639514915972e+00	7.077470168843206899e+00	1.000000000000000000e+00
6.447673104204367789e+00	1.782772723674994397e+00	1.000000000000000000e+00
8.668523293173553412e+00	1.024455815543779558e+01	1.000000000000000000e+00
3.880325574547585088e+00	1.077730084798563936e+01	1.000000000000000000e+00
1.258979380915027058e+01	1.432134649873851640e+00	1.000000000000000000e+00
9.176800878735997813e+00	1.148323625504182033e+01	1.000000000000000000e+00
1.957851195593896643e+00	1.520255071492127463e+01	1.000000000000000000e+00
7.783250615818528395e+00	1.943270213779656475e+00	1.000000000000000000e+00
9.995382036985057894e+00	1.042515581582747153e+01	1.000000000000000000e+00
1.443926749091229311e+00	1.396684410946840416e+01	1.000000000000000000e+00
5.640602460053338874e+00	2.857840766836670099e+00	1.000000000000000000e+00
6.528182238433399398e+00	1.112254437554005371e+01	1.000000000000000000e+00
3.494399792327877563e+00	3.737701370663838674e+00	1.000000000000000000e+00
1.574546895561289794e+01	3.037427961976326252e+00	1.000000000000000000e+00
6.018769456584379007e+00	9.884123137535402392e+00	1.000000000000000000e+00
3.787034064586146886e+00	1.481410752674533482e+00	1.000000000000000000e+00
1.656653521289155506e+01	1.980298249939135724e+00	1.000000000000000000e+00
7.851576486085644291e+00	1.130194594136320774e+01	1.000000000000000000e+00
2.553458670515509343e+00	1.060757647986374508e+01	1.000000000000000000e+00
1.341099137607555392e+01	3.753950551056578488e-01	1.000000000000000000e+00
1.050299418915891181e+01	1.166346040495099956e+01	1.000000000000000000e+00
