5.288894005221388639e+00	3.845886629185749861e+00	1.000000000000000000e+00
4.149265261129767346e+00	4.313000458318041019e+00	1.000000000000000000e+00
1.699772602810895705e+01	4.816882988766590934e+00	1.000000000000000000e+00
7.402913715097078295e+00	4.132355019710144184e+00	1.000000000000000000e+00
2.678199463532611180e+00	7.221024208807247824e+00	1.000000000000000000e+00
1.293613293905659312e+01	3.019276764594646778e+00	1.000000000000000000e+00
8.377192788907047216e+00	4.885978128274256704e+00	1.000000000000000000e+00
3.156480652668944842e+00	1.163640569685157544e+01	1.000000000000000000e+00
8.874247228798552101e+00	1.223436293272161635e+00	1.000000000000000000e+00
9.516781672753035437e+00	4.418885414011798574e+00	1.000000000000000000e+00
2.823771227209336043e+00	1.407686097788047697e+01	1.000000000000000000e+00
1.407640086314936667e+01	2.553451455853127605e+00	1.000000000000000000e+00
1.179672812581363850e+01	3.486450415742071485e+00	1.000000000000000000e+00
2.347381083155487769e+00	9.662255858373024253e+00	1.000000000000000000e+00
6.428638977765338325e+00	3.378749419751492233e+00	1.000000000000000000e+00
6.097838274919299195e+00	5.820148804719328162e+00	1.000000000000000000e+00
3.009301943014217606e+00	4.779877132702795350e+00	1.000000000000000000e+00
1.310297096027228037e+01	1.798313064208543866e+00	1.000000000000000000e+00
7.072228118658954621e+00	6.573711893140409046e+00	1.000000000000000000e+00
1.537931405929326312e+00	7.687949343168916094e+00	1.000000000000000000e+00
4.480061074428427048e+00	1.871177645249951338e+00	1.000000000000000000e+00
7.237541565295874335e+00	5.353068393690866067e+00	1.000000000000000000e+00
3.321866402013961217e+00	1.041575295688701353e+01	1.000000000000000000e+00
1.082255473870472429e+01	2.731610827841173261e+00	1.000000000000000000e+00
9.351691389346978411e+00	5.639465614440029029e+00	1.000000000000000000e+00
3.965322487165982235e+00	1.361097103946095110e+01	1.000000000000000000e+00
6.593694883397304807e+00	2.157536733858110622e+00	1.000000000000000000e+00
1.049152300500450252e+01	5.172195668460653373e+00	1.000000000000000000e+00
1.602478795122577537e+01	1.857752544514588422e+01	1.000000000000000000e+00
1.602332352097506174e+01	4.062972579373280269e+00	1.000000000000000000e+00
4.958043667847816138e+00	6.287171848366522653e+00	1.000000000000000000e+00
2.199555908907838919e+00	2.806438480617003961e+00	1.000000000000000000e+00
4.296287298817468070e+00	1.116943789561671529e+01	1.000000000000000000e+00
5.932434845385916589e+00	7.040761074227686045e+00	1.000000000000000000e+00
3.983705964909857400e+00	5.533580017409476248e+00	1.000000000000000000e+00
3.818161228834567211e+00	6.754125348908074145e+00	1.000000000000000000e+00
8.211967492544678393e+00	6.106608891613717560e+00	1.000000000000000000e+00
3.487272372132159681e+00	9.195195116020364878e+00	1.000000000000000000e+00
1.212855634230997381e+01	1.043961073592321487e+00	1.000000000000000000e+00
1.032637404063285480e+01	6.392768823621480578e+00	1.000000000000000000e+00
2.990986272805566060e+00	1.285672834814751475e+01	1.000000000000000000e+00
4.772974708102748487e+00	1.558469669267162061e+01	1.000000000000000000e+00
1.146668873411916678e+01	5.924705970790676623e+00	1.000000000000000000e+00
1.350333054055820048e+00	1.698336618211954274e+01	1.000000000000000000e+00
5.123524074395777284e+00	5.066571242665754760e+00	1.000000000000000000e+00
4.792583570378395663e+00	7.507723735648180075e+00	1.000000000000000000e+00
1.703466667991295758e+00	6.467045064957709144e+00	1.000000000000000000e+00
9.682470818602887164e+00	3.198345430654344401e+00	1.000000000000000000e+00
5.767032144944320926e+00	8.261350330375247353e+00	1.000000000000000000e+00
3.652677663158047761e+00	7.974658154763517359e+00	1.000000000000000000e+00
1.488277765379743833e+01	4.529424383400586507e+00	1.000000000000000000e+00
8.046709509744333744e+00	7.327213682482328849e+00	1.000000000000000000e+00
1.207078312128561093e+00	1.012997140445049560e+01	1.000000000000000000e+00
1.390901199497208651e+01	3.774583831667930767e+00	1.000000000000000000e+00
9.186517687021426681e+00	6.860030316653926263e+00	1.000000000000000000e+00
4.131582417093933479e+00	1.239010050377390115e+01	1.000000000000000000e+00
1.065673160293718347e+01	3.952152992715697088e+00	1.000000000000000000e+00
1.130140433114459597e+01	7.145908557211073209e+00	1.000000000000000000e+00
1.517643542943755142e+00	1.576227522102586143e+01	1.000000000000000000e+00
8.542582775274800255e+00	3.665265345907424699e+00	1.000000000000000000e+00
4.627163422480030874e+00	8.728256454640979101e+00	1.000000000000000000e+00
1.098802215874627564e+01	1.510489678948235825e+00	1.000000000000000000e+00
7.568291009310582851e+00	2.911553345975192109e+00	1.000000000000000000e+00
6.741500653485291039e+00	9.014958467770480155e+00	1.000000000000000000e+00
2.512746580379480399e+00	8.441642858645852954e+00	1.000000000000000000e+00
8.708174864476401211e+00	2.444628336275892710e+00	1.000000000000000000e+00
6.906883443809313405e+00	7.794321832857916021e+00	1.000000000000000000e+00
1.372478636671974339e+00	8.908848351062101045e+00	1.000000000000000000e+00
6.263226640667841849e+00	4.599469413271334517e+00	1.000000000000000000e+00
1.016116029411604238e+01	7.613366792449973275e+00	1.000000000000000000e+00
3.632466116368810560e+00	1.605231999840084711e+01	1.000000000000000000e+00
1.196234613136777014e+01	2.265032178946846830e+00	1.000000000000000000e+00
1.113621159086162749e+01	8.367000418653866234e+00	1.000000000000000000e+00
2.491629298372105339e+00	1.651832178452130151e+01	1.000000000000000000e+00
1.504969934901089701e+01	3.308430950865322462e+00	1.000000000000000000e+00
4.461752973966023994e+00	9.948785930829115998e+00	1.000000000000000000e+00
3.174490622525484529e+00	3.559704031411943692e+00	1.000000000000000000e+00
7.733843661460150010e+00	1.690475768879055263e+00	1.000000000000000000e+00
5.601611001475963469e+00	9.482002267927441608e+00	1.000000000000000000e+00
1.869115514743327378e+00	5.245910026527274006e+00	1.000000000000000000e+00
1.585700196764748071e+01	5.284135969767087104e+00	1.000000000000000000e+00
7.881395238477786336e+00	8.547846836165271966e+00	1.000000000000000000e+00
2.015886051517758570e+00	1.210373940571956197e+01	1.000000000000000000e+00
9.848237516679514414e+00	1.977721836499478858e+00	1.000000000000000000e+00
9.021280506904417962e+00	8.080654576095053443e+00	1.000000000000000000e+00
3.798366588343637940e+00	1.483115694715949218e+01	1.000000000000000000e+00
5.454170315302372174e+00	2.625144964379309886e+00	1.000000000000000000e+00
9.996080892284146202e+00	8.834384785982305033e+00	1.000000000000000000e+00
2.658326672286062120e+00	1.529750056155667259e+01	1.000000000000000000e+00
1.521672043867668833e+01	2.087301212287210106e+00	1.000000000000000000e+00
5.436213786651260982e+00	1.070311937041275918e+01	1.000000000000000000e+00
4.314359717059992327e+00	3.092326975384450449e+00	1.000000000000000000e+00
3.339775150728100162e+00	2.338863714003973193e+00	1.000000000000000000e+00
6.576169824251627105e+00	1.023599599813259964e+01	1.000000000000000000e+00
2.843749144836681175e+00	6.000459477722412061e+00	1.000000000000000000e+00
3.504511082254754495e+00	1.117895633245962195e+00	1.000000000000000000e+00
7.716148094250054434e+00	9.768869379268066311e+00	1.000000000000000000e+00
2.181980434922372147e+00	1.088300059342684278e+01	1.000000000000000000e+00
1.619071585249795575e+01	2.842440154356481230e+00	1.000000000000000000e+00
8.856113354508783786e+00	9.301667695100681144e+00	1.000000000000000000e+00
