4.478745129447819551e+00	5.452975021123319443e+00	1.000000000000000000e+00
1.049154046107041660e+00	4.763542045956276283e+00	1.000000000000000000e+00
4.670922629906949730e+00	1.959942144290959698e+00	1.000000000000000000e+00
6.598102576404997421e+00	6.320362262242897877e+00	1.000000000000000000e+00
2.667946088206031519e+00	6.854747465266590289e+00	1.000000000000000000e+00
3.360629767802150614e+00	2.138062848280588568e+00	1.000000000000000000e+00
8.408912364113612981e+00	4.918713730422859420e+00	1.000000000000000000e+00
2.475847681192376193e+00	1.034740032866743142e+01	1.000000000000000000e+00
5.480209466071446656e+00	3.005784158574763776e+00	1.000000000000000000e+00
9.718971525961327629e+00	4.740587575467128723e+00	1.000000000000000000e+00
-1.445243571730814303e-01	1.070431916003391493e+01	1.000000000000000000e+00
4.170129750514360190e+00	3.183812396420857560e+00	1.000000000000000000e+00
1.152974905219182133e+01	3.338775138110096297e+00	1.000000000000000000e+00
1.474973577838189609e+00	1.279489803225550126e+01	1.000000000000000000e+00
2.859793511313319492e+00	3.361887674173414720e+00	1.000000000000000000e+00
5.288050541941893279e+00	6.498457800318302446e+00	1.000000000000000000e+00
1.858625032658472787e+00	5.809284041129169296e+00	1.000000000000000000e+00
4.595295756289248246e+00	1.121510118611321971e+01	1.000000000000000000e+00
7.908158198413134166e+00	6.142262646652854485e+00	1.000000000000000000e+00
3.477240757833359730e+00	7.900186315854115016e+00	1.000000000000000000e+00
6.790298793224237350e+00	2.827742045154371997e+00	1.000000000000000000e+00
8.717455170227148997e+00	7.187720027779938903e+00	1.000000000000000000e+00
4.286573306391823657e+00	8.945608367431553631e+00	1.000000000000000000e+00
6.482020689779072420e+00	5.583108488290962068e-01	1.000000000000000000e+00
9.218221538089640177e+00	5.964163067680894770e+00	1.000000000000000000e+00
9.334728056154226294e+00	1.172618692707541221e+01	1.000000000000000000e+00
3.669445381327406608e+00	4.407450584398224791e+00	1.000000000000000000e+00
1.102899665633701609e+01	4.562445483858076578e+00	1.000000000000000000e+00
1.536909800953649352e+01	1.266532600136455855e+01	1.000000000000000000e+00
5.788784043741422636e+00	5.274876901497989934e+00	1.000000000000000000e+00
4.787312346135909280e+00	7.722034079904823933e+00	1.000000000000000000e+00
2.359343022583898275e+00	4.585602670301859973e+00	1.000000000000000000e+00
7.524136359340071856e+00	1.312780698966115445e+01	1.000000000000000000e+00
8.216716312511238129e+00	8.411311923294411130e+00	1.000000000000000000e+00
1.666381669844861912e+00	9.301990664308679158e+00	1.000000000000000000e+00
7.098838764972891902e+00	5.096801072841690150e+00	1.000000000000000000e+00
9.526707465020733068e+00	8.233182363246958957e+00	1.000000000000000000e+00
1.165833077181479993e+00	1.052570218864367391e+01	1.000000000000000000e+00
4.979481290865356513e+00	4.229368890661630687e+00	1.000000000000000000e+00
1.052826959020738329e+01	5.786061740222303129e+00	1.000000000000000000e+00
2.284683246826101133e+00	1.384049478078861561e+01	1.000000000000000000e+00
5.981004316561373102e+00	1.782113826743813467e+00	1.000000000000000000e+00
1.314869950346733951e+01	5.429658581710566700e+00	1.000000000000000000e+00
1.646149967757007115e-01	1.297307329965586398e+01	1.000000000000000000e+00
6.289534960287972432e+00	4.051306092663739200e+00	1.000000000000000000e+00
5.596629928900084039e+00	8.767500683156510988e+00	1.000000000000000000e+00
3.978000820946404392e+00	6.676581884024548330e+00	1.000000000000000000e+00
8.024557617494149753e+00	1.190394480271798905e+01	1.000000000000000000e+00
6.097371008803516901e+00	7.543937334429873687e+00	1.000000000000000000e+00
2.976510354260470503e+00	9.123801510598340769e+00	1.000000000000000000e+00
8.100361415011642308e+00	2.649768351086989160e+00	1.000000000000000000e+00
7.407421310964646288e+00	7.365832620502138717e+00	1.000000000000000000e+00
3.560866935509777176e-01	9.480299512305256471e+00	1.000000000000000000e+00
8.139939808586833081e+00	1.926724173446841704e+01	1.000000000000000000e+00
1.133759384294325834e+01	6.831573535347616577e+00	1.000000000000000000e+00
6.653234003776946626e-01	1.174948886551957905e+01	1.000000000000000000e+00
7.599594206459455492e+00	3.873270169981530398e+00	1.000000000000000000e+00
1.183831912741336012e+01	5.607980577980113068e+00	1.000000000000000000e+00
-3.359901940006197463e-01	1.419711004981934899e+01	1.000000000000000000e+00
8.024881599772117013e+00	1.794960991646878767e+01	1.000000000000000000e+00
5.095883466456073485e+00	9.991100999687699158e+00	1.000000000000000000e+00
1.357812929791093248e+00	7.032914475954479272e+00	1.000000000000000000e+00
9.101097762612610609e+00	2.022190104617835049e-01	1.000000000000000000e+00
6.906685681305764213e+00	8.589404779346327956e+00	1.000000000000000000e+00
2.167154540399331974e+00	8.078400517181448137e+00	1.000000000000000000e+00
8.600956985629677476e+00	1.426056805388837612e+00	1.000000000000000000e+00
1.083683677454299499e+01	8.055212566462085277e+00	1.000000000000000000e+00
1.975342009238683527e+00	1.157113965515975096e+01	1.000000000000000000e+00
7.291160376560188006e+00	1.604097243129199768e+00	1.000000000000000000e+00
1.214696376212174123e+01	7.877513378106439923e+00	1.000000000000000000e+00
3.285317185818054320e+00	1.139280473263348270e+01	1.000000000000000000e+00
9.410380112638566885e+00	2.471523021805328124e+00	1.000000000000000000e+00
1.264784712392082966e+01	6.653579532271810315e+00	1.000000000000000000e+00
6.714175644988699787e+00	1.208230803493639804e+01	1.000000000000000000e+00
8.909675319773024071e+00	3.695156127685817360e+00	1.000000000000000000e+00
6.405955072252557336e+00	9.812966274402491251e+00	1.000000000000000000e+00
3.168705962032713597e+00	5.631111209524726213e+00	1.000000000000000000e+00
9.910995114225636726e+00	1.247823108070166498e+00	1.000000000000000000e+00
7.716015285692915171e+00	9.634891264388857124e+00	1.000000000000000000e+00
8.567834022866313015e-01	8.256429172952064022e+00	1.000000000000000000e+00
1.122122452030145823e+01	1.069431299498681653e+00	1.000000000000000000e+00
9.026076719907388579e+00	9.456784118319896848e+00	1.000000000000000000e+00
1.033619766708464738e+01	9.278622208436750896e+00	1.000000000000000000e+00
1.041151113545234708e+01	2.385873061399903725e-02	1.000000000000000000e+00
9.835459897922747885e+00	1.050228303613731740e+01	1.000000000000000000e+00
2.785259113001928633e+00	1.261658971455434575e+01	1.000000000000000000e+00
1.072042999954177844e+01	2.293278213772465435e+00	1.000000000000000000e+00
1.114591616660841922e+01	1.032378689513340042e+01	1.000000000000000000e+00
9.743821552870562952e-01	1.401877330627849005e+01	1.000000000000000000e+00
1.021970549132910833e+01	3.516958018066086211e+00	1.000000000000000000e+00
5.905204164938972156e+00	1.103660445221437314e+01	1.000000000000000000e+00
5.482328732643355629e-01	5.987536166285254424e+00	1.000000000000000000e+00
1.203071146932022017e+01	2.115054452991356637e+00	1.000000000000000000e+00
7.215272343155268331e+00	1.085847441650450662e+01	1.000000000000000000e+00
1.002751853674603133e+01	7.009639828175894039e+00	1.000000000000000000e+00
1.284019659227631749e+01	3.160779037248809153e+00	1.000000000000000000e+00
8.525385456541846096e+00	1.068035898561908503e+01	1.000000000000000000e+00
3.785934313692198128e+00	1.016921025432623082e+01	1.000000000000000000e+00
1.233908597738725987e+01	4.384312461811094686e+00	1.000000000000000000e+00
1.064508902715511418e+01	1.154780132341674737e+01	1.000000000000000000e+00
