-1.328318642091594768e+02
-1.587787296460388120e+02
-1.544665188090355628e+02
-1.579822421953638525e+02
-1.324079393638681097e+02
-1.324237720189763650e+02
-1.306274038893691056e+02
-1.590770070808870003e+02
-1.512106704239979820e+02
-1.615536089322506541e+02
-1.534628574249657333e+02
-1.430300141365585205e+02
-1.399758613012571402e+02
-1.488019738738618116e+02
-1.535238684086761509e+02
-1.426726011940872922e+02
-1.371689349311985779e+02
-1.496320915711520740e+02
-1.312590357713021945e+02
-1.474830163029423602e+02
-1.494529712291028716e+02
-1.492163859715090268e+02
-1.536492610476998664e+02
-1.506025790626283083e+02
-1.618753497709319618e+02
-1.430787570699861533e+02
-1.426200951208361971e+02
-1.413339145229123233e+02
-1.608248210334330395e+02
-1.572170083490998991e+02
-1.445298177062866216e+02
-1.351118328988652593e+02
-1.422005157023401125e+02
-1.455481988978253014e+02
-1.461341311101333247e+02
-1.672397628358252462e+02
-1.323618603444356836e+02
-1.483829802014410291e+02
-1.501011085741033355e+02
-1.287977613415426674e+02
-1.295200620441517856e+02
-1.527397675185581249e+02
-1.437657484556865768e+02
-1.500526230981556637e+02
-1.513376808211066873e+02
-1.385329382619318608e+02
-1.392092156220181209e+02
-1.372917373999210326e+02
-1.481044242383582343e+02
-1.367995770538917384e+02
-1.481654922157328542e+02
-1.458125361438239622e+02
-1.580736832859526260e+02
-1.480261284215746684e+02
-1.316878143931725447e+02
-1.426063409837550751e+02
-1.539626608704540445e+02
-1.472514019870403388e+02
-1.418246277579470416e+02
-1.484928053705645823e+02
-1.417795587495345160e+02
-1.438694908742361349e+02
-1.638992853910566225e+02
-1.408847742280028967e+02
-1.390551696870093394e+02
-1.494513092779916690e+02
-1.412909444527684002e+02
-1.526428213565209546e+02
-1.532731279228019901e+02
-1.430185400522948385e+02
-1.479448461792779028e+02
-1.438345967343637710e+02
-1.500156973084453682e+02
-1.494347340525466734e+02
-1.535337088514372965e+02
-1.497792105522123620e+02
-1.423862804206452211e+02
-1.568717386536994525e+02
-1.450503061440512909e+02
-1.492273995607399968e+02
-1.503914043902916546e+02
-1.424795382474047756e+02
-1.538692130624102674e+02
-1.182639234537378172e+02
-1.527580626123377101e+02
-1.432718125697609253e+02
-1.597362022005754625e+02
-1.467323165971928631e+02
-1.509667127528210244e+02
-1.434615231889166296e+02
-1.466847462496857304e+02
-1.536969565072688795e+02
-1.403972848278623360e+02
-1.660246640081287239e+02
-1.516734887985452644e+02
-1.482968057377313755e+02
-1.561625035206531891e+02
-1.689196950196162277e+02
-1.346408731102816034e+02
-1.447310886267702585e+02
