-1.575336682817134886e+02
-1.492405589412587119e+02
-1.503252004142852911e+02
-1.524985239904226546e+02
-1.499236409211130763e+02
-1.626261821562976877e+02
-1.472644865884335275e+02
-1.406348827169497895e+02
-1.646861930758085180e+02
-1.517184322960848704e+02
-1.534029897470535104e+02
-1.530618391573938766e+02
-1.499193520650120490e+02
-1.399013275010919699e+02
-1.538047334115534568e+02
-1.371646609394997256e+02
-1.592293805460111855e+02
-1.555064199039317145e+02
-1.416520927421109093e+02
-1.552199084901763797e+02
-1.413865913507280538e+02
-1.470331921320927222e+02
-1.564662966516324616e+02
-1.382600060160018245e+02
-1.439965673658674064e+02
-1.358823873330380252e+02
-1.514571890204778128e+02
-1.403440111889337345e+02
-1.474842529107152416e+02
-1.387637280773959958e+02
-1.314864067187900787e+02
-1.579929249084756009e+02
-1.440466477650693093e+02
-1.652510634403968197e+02
-1.545391440570605823e+02
-1.516796138584248013e+02
-1.524559922407911188e+02
-1.390787080862525613e+02
-1.428493557587975715e+02
-1.591245307555313673e+02
-1.467381193034373439e+02
-1.420534902962135675e+02
-1.400678413313824535e+02
-1.454424400950177585e+02
-1.545767323416962995e+02
-1.569328781740586294e+02
-1.410078291917982085e+02
-1.434724914514176533e+02
-1.509684492836482264e+02
-1.482376324213778958e+02
-1.538045136918162825e+02
-1.314042461759543414e+02
-1.606696260621489785e+02
-1.481761977621529240e+02
-1.581819855989069765e+02
-1.398287814147298320e+02
-1.390474210229320704e+02
-1.395739895109908559e+02
-1.511115395239446570e+02
-1.485912014602638465e+02
-1.467197040676200572e+02
-1.528754368732520845e+02
-1.441931008787805126e+02
-1.497048107827844206e+02
-1.591916619751061717e+02
-1.321986936626996965e+02
-1.521471272154528833e+02
-1.542394067130286999e+02
-1.418085889371684232e+02
-1.551378796300978991e+02
-1.409200297702530236e+02
-1.453277179317240098e+02
-1.372995704279407505e+02
-1.365829533912065870e+02
-1.586946068102573122e+02
-1.460344194596653438e+02
-1.343739481285308273e+02
-1.371119609942066688e+02
-1.489707177340958708e+02
-1.394341554584399603e+02
-1.404293563689630275e+02
-1.373752211111199699e+02
-1.412604173731084813e+02
-1.493075207805256639e+02
-1.387290063534667865e+02
-1.559604874429599306e+02
-1.608785337188127471e+02
-1.669575429546691225e+02
-1.398627752039184884e+02
-1.519915589049795130e+02
-1.374066757275402324e+02
-1.502736681259058287e+02
-1.515432433569569071e+02
-1.474198073200058730e+02
-1.472210916640918583e+02
-1.457595913150055935e+02
-1.356567231394175792e+02
-1.529667540422973957e+02
-1.444389100742876906e+02
-1.433445981613858180e+02
