-2.945242617719552527e+02
-3.306980921980237440e+02
-3.142587457242117921e+02
-3.106317343366695809e+02
-3.097703335200038168e+02
-3.008643410938506122e+02
-3.151026790766515546e+02
-3.148935669488503777e+02
-3.129786558583496117e+02
-3.142297057276003898e+02
-3.085517108919763700e+02
-3.050375069484506980e+02
-2.841826219155311719e+02
-2.935737961867088188e+02
-2.967265833179557148e+02
-2.914865748185293342e+02
-2.940573299773516283e+02
-3.224743811215384426e+02
-3.165683839598157192e+02
-3.125208424952041355e+02
-3.070678565719583730e+02
-2.778728214299683259e+02
-3.444519568648579479e+02
-2.927251315266088909e+02
-3.047683256455086962e+02
-2.968154567862541171e+02
-3.272450439730427547e+02
-2.947982673602062391e+02
-3.051624162029539775e+02
-2.967987166730324020e+02
-3.144020800379541356e+02
-2.617938702229799901e+02
-2.850623602615199843e+02
-3.300778905058471651e+02
-3.130573414765954112e+02
-3.050428171198764176e+02
-3.309513628761712880e+02
-3.157320925630269812e+02
-3.222071459506694850e+02
-2.914654329019768966e+02
-2.753798842824312487e+02
-3.207114773002516586e+02
-3.170491735660158952e+02
-3.015911114831383770e+02
-2.826129972470271241e+02
-3.202689114970123114e+02
-3.074811606210378727e+02
-2.917052800524260192e+02
-2.938725415548659612e+02
-2.957762679767056966e+02
-3.048097514605666447e+02
-3.071526065167910815e+02
-3.254397616378498128e+02
-3.115345333611867886e+02
-3.271110974916693976e+02
-2.882961065267762706e+02
-3.174774124333955001e+02
-3.021373984270379083e+02
-3.060888979538938770e+02
-2.788086934296101731e+02
-3.079819831327093880e+02
-3.246579803808686506e+02
-2.972922325999800250e+02
-3.063557496969557974e+02
-3.072368416201836681e+02
-3.304847536750208405e+02
-3.054216992249002374e+02
-2.931739532073310102e+02
-3.178206932213304867e+02
-3.086310122072181343e+02
-2.978046553691976328e+02
-2.873913459972800410e+02
-2.791904744159049301e+02
-3.137562938845060216e+02
-3.162736546006912022e+02
-3.183133851483740955e+02
-3.197040016358107550e+02
-3.006987857228125449e+02
-2.850913417019532403e+02
-3.039497637043436384e+02
-3.160264807828243079e+02
-3.060533552979007936e+02
-3.002018992189395590e+02
-3.217868195869182273e+02
-2.988744914501985477e+02
-3.104720915405568462e+02
-2.992323487146277330e+02
-3.115091367502016624e+02
-3.080037478201059571e+02
-3.276370635234006272e+02
-3.130040187829010279e+02
-3.139104606884628765e+02
-3.088993791187883176e+02
-3.194999718508660749e+02
-3.091147336464374575e+02
-2.932636228315967060e+02
-3.188764034373738809e+02
-2.949779942870850959e+02
-3.238497508490232235e+02
-2.730953316830535869e+02
