-1.513214190467975584e+02
-1.509271115981512423e+02
-1.455093487906657117e+02
-1.417200520300901587e+02
-1.615567198994340288e+02
-1.382951290343994515e+02
-1.416676933075931117e+02
-1.423372974923825041e+02
-1.501822942701240038e+02
-1.482698652760712719e+02
-1.648469929965857830e+02
-1.463380941150821002e+02
-1.522546595313840498e+02
-1.459144246758387169e+02
-1.569684866745185445e+02
-1.426024459413407328e+02
-1.411342071147584534e+02
-1.439648579572445328e+02
-1.419189641785625895e+02
-1.537140219059894832e+02
-1.429840258780793931e+02
-1.119639671033618953e+02
-1.543730587792166773e+02
-1.361056658876032941e+02
-1.455099445117054131e+02
-1.390015457814853903e+02
-1.470928342374751878e+02
-1.461260454058786422e+02
-1.369963264664064866e+02
-1.558170413815016673e+02
-1.421719551354668170e+02
-1.525193639202991278e+02
-1.355692517056909594e+02
-1.530175993862453367e+02
-1.399748874802590706e+02
-1.585274071872123898e+02
-1.458479611683197845e+02
-1.490210911056547900e+02
-1.384288622841541496e+02
-1.474649620456452226e+02
-1.468921860018810150e+02
-1.552556779039698256e+02
-1.646877515159421534e+02
-1.443770118698883493e+02
-1.387337265524338932e+02
-1.510770063265061367e+02
-1.397616056494675831e+02
-1.514888582569266191e+02
-1.504879335116296488e+02
-1.495431995896755950e+02
-1.559579012310803137e+02
-1.379793678534636854e+02
-1.367971882047832253e+02
-1.425968742578099864e+02
-1.464821686191157823e+02
-1.299225246588599418e+02
-1.479829326611514944e+02
-1.566624103042456113e+02
-1.450843134679209925e+02
-1.543263068701181737e+02
-1.467691455006239778e+02
-1.546268534353785071e+02
-1.425333087679748303e+02
-1.544698188283760487e+02
-1.438012011548689770e+02
-1.506426009414288671e+02
-1.665706184711782214e+02
-1.672758708324411430e+02
-1.442711635780272843e+02
-1.302084971932569886e+02
-1.437099757807671949e+02
-1.498715953278411348e+02
-1.359188162723762616e+02
-1.493761676491520802e+02
-1.558980295368068596e+02
-1.348108124966431944e+02
-1.280919285659752518e+02
-1.430530446573205552e+02
-1.400670941004866279e+02
-1.531695426992847331e+02
-1.381273228520667828e+02
-1.501664628620613655e+02
-1.504416379544014148e+02
-1.322773595070266879e+02
-1.442374203205399112e+02
-1.386022567124183240e+02
-1.523112006100050451e+02
-1.394943628920694891e+02
-1.622872028673356226e+02
-1.439506065048056485e+02
-1.567840826906749498e+02
-1.344048019015194768e+02
-1.325755239784152195e+02
-1.229304241137376721e+02
-1.566464122455460313e+02
-1.439640890134103586e+02
-1.504948518467193139e+02
-1.649235334073338208e+02
-1.440783965187121112e+02
-1.224319408741039155e+02
