-2.859761051966648324e+02
-3.043442676107850957e+02
-2.983667487437202794e+02
-3.070912077555975088e+02
-2.955512053552864700e+02
-2.891198214306850218e+02
-3.167652358601958440e+02
-3.037656673268259055e+02
-3.008157576566482021e+02
-3.052941353404878555e+02
-2.976601775805523857e+02
-3.356870691325923417e+02
-2.915967067585394830e+02
-3.186610480381044113e+02
-3.275596693760306835e+02
-2.939380731849290100e+02
-3.237125301738746543e+02
-3.243791636773946152e+02
-3.343637894082328899e+02
-2.912167797865415650e+02
-3.026774569598385369e+02
-3.091730606113137583e+02
-2.926681587943645582e+02
-2.963554598176006039e+02
-3.133031348943715102e+02
-2.210741790972174670e+02
-3.013795348725669783e+02
-3.070215787226711086e+02
-3.078201498479202201e+02
-2.953700904621236418e+02
-2.967195607779746069e+02
-2.947282098458720725e+02
-3.140213407330143127e+02
-3.266040793176386501e+02
-3.226416898077679321e+02
-3.098777257692022431e+02
-2.946111177313671305e+02
-3.300652688137770383e+02
-2.990724561429270807e+02
-2.996328636826317506e+02
-3.103315409243957674e+02
-2.998907572791528082e+02
-2.882164021236587246e+02
-3.152993840579665630e+02
-3.255413205453559726e+02
-3.057123095616713044e+02
-2.893124203200280817e+02
-2.892728185475344844e+02
-3.042332415445857805e+02
-2.914675028997344839e+02
-3.067769016832868374e+02
-3.196104371137650446e+02
-3.103885449400366383e+02
-3.066871591985999430e+02
-3.395705436798871233e+02
-3.043804399620742629e+02
-3.161498825957298209e+02
-2.816769091361175015e+02
-3.318230517828118309e+02
-2.803932586036593193e+02
-3.169177228352165798e+02
-2.896199091602333056e+02
-3.233054944757714679e+02
-3.017503701421745745e+02
-2.973619635380563295e+02
-3.220051347585699091e+02
-3.185805129789573016e+02
-2.958075345570750301e+02
-2.914449314947216862e+02
-2.925853480082136002e+02
-3.083956278598731728e+02
-3.234225459608836672e+02
-3.004441452351614998e+02
-3.061156969592035466e+02
-2.979607305531910129e+02
-3.063145842958771823e+02
-3.062933045996105079e+02
-2.989913863725002443e+02
-3.185994501894840596e+02
-2.968692057219756180e+02
-3.154550720869320912e+02
-2.930417816581146440e+02
-3.052898228611799141e+02
-3.049685841068646255e+02
-2.966988993348109034e+02
-3.114873085137363660e+02
-3.037889825141521101e+02
-3.190892665813677240e+02
-3.280253943401832544e+02
-3.197359030975365499e+02
-3.343039384407394436e+02
-3.083785526824789827e+02
-3.270135760199534616e+02
-3.109967276765499946e+02
-3.207468985606225829e+02
-3.111701024151731758e+02
-3.118860279958950059e+02
-2.214595338315903632e+02
-3.007367638981916684e+02
-3.064355311411194975e+02
