-2.833364366350954242e+02
-3.018717152042331691e+02
-3.061683173688759325e+02
-2.973280245744264789e+02
-2.994810943294302206e+02
-3.384409015325620658e+02
-3.276589900512233839e+02
-2.996969013436484488e+02
-3.289450050304640172e+02
-3.389603277307192002e+02
-3.263588027659649242e+02
-2.571700254677742237e+02
-3.267715993779806354e+02
-3.244325183684372291e+02
-2.934112828261100958e+02
-3.146691546769270644e+02
-3.127745232701323630e+02
-3.225227444104413053e+02
-3.127832837149206853e+02
-2.955700222370430765e+02
-3.188419913518523572e+02
-2.777208400014631593e+02
-2.972592746209783741e+02
-2.863162098523374084e+02
-2.868796101978982733e+02
-3.035045890835485807e+02
-3.181326544220685264e+02
-2.933887665170214518e+02
-3.066940894193009512e+02
-3.145913629699136322e+02
-3.133219621815722462e+02
-3.294584937715156912e+02
-3.026484404628936886e+02
-3.165919212071750621e+02
-3.044957500707166105e+02
-3.060891085617125214e+02
-2.921415504716878786e+02
-3.310413598140450517e+02
-3.053865970449313636e+02
-3.028787642081505282e+02
-2.996640462810756844e+02
-3.144309089839011335e+02
-3.034587632533413739e+02
-2.875350853019917849e+02
-3.005875163189040222e+02
-2.848186613701250849e+02
-3.253839066973636704e+02
-3.290586329999194390e+02
-3.324342921086922615e+02
-3.231282485967755065e+02
-3.136251750176043629e+02
-2.987191857411486353e+02
-3.142643023711909223e+02
-3.001088261192984419e+02
-3.098775205952404690e+02
-3.187963730928013319e+02
-2.892158135926924274e+02
-3.285101842576225977e+02
-2.869261762844494115e+02
-2.807903134761597812e+02
-3.352984159304110108e+02
-3.338031968091725616e+02
-3.335973578070930898e+02
-2.689069233056686699e+02
-3.544750492694915920e+02
-3.064254662127451070e+02
-3.004475776091110788e+02
-3.170492478351876571e+02
-3.019413808470931713e+02
-3.179536479918177179e+02
-2.999340202114051976e+02
-3.094723203790274511e+02
-3.107191646513646788e+02
-3.039315194307908996e+02
-3.000364437638931463e+02
-3.195623190282345831e+02
-3.013118502260228411e+02
-3.201669490386847201e+02
-2.860159796112265553e+02
-3.123501310321167352e+02
-2.961939895712702082e+02
-3.176927071715346074e+02
-3.147335635814333727e+02
-3.136918472959349060e+02
-3.240382489402650208e+02
-3.247504942966087924e+02
-2.869742494385685063e+02
-3.262988103586414468e+02
-3.202639329689632746e+02
-3.108062918387906848e+02
-3.143793019564588462e+02
-3.293313486369747807e+02
-2.931849547030420808e+02
-3.119641171717378256e+02
-2.903436864129800483e+02
-3.047337596510906224e+02
-3.087020888232331117e+02
-3.147952148065888878e+02
-3.091817711748520878e+02
-2.997196905642288129e+02
