-1.455621363583605046e+02
-1.498060299401686564e+02
-1.482738013028237560e+02
-1.378047251701793527e+02
-1.540994205466591609e+02
-1.531721162659431172e+02
-1.567824315123731651e+02
-1.457715068267461049e+02
-1.365485888328975932e+02
-1.488905565693335973e+02
-1.575553212500433347e+02
-1.611258253513653642e+02
-1.495953685531370922e+02
-1.383049118369182793e+02
-1.551066174908298763e+02
-1.366932139260326267e+02
-1.524834622928939041e+02
-1.463510300502371422e+02
-1.486886392999349198e+02
-1.538419488903623744e+02
-1.463205016943381622e+02
-1.599318660515824604e+02
-1.474809454307570888e+02
-1.387039812427904906e+02
-1.491879148010900735e+02
-1.590025416738224635e+02
-1.407135574912946936e+02
-1.373730902701435923e+02
-1.489798171108525651e+02
-1.384855855239433993e+02
-1.525466314184649548e+02
-1.520938346053130203e+02
-1.413061734224654629e+02
-1.441557126252237708e+02
-1.450104519898759463e+02
-1.451846236018798493e+02
-1.418833088571807934e+02
-1.430325216609579968e+02
-1.532728614953868487e+02
-1.474134943814607652e+02
-1.538443858214340025e+02
-1.508141005114588040e+02
-1.309822516462036788e+02
-1.368309638592619990e+02
-1.328986827832997051e+02
-1.540262277826936952e+02
-1.435122239689502806e+02
-1.519334618917683599e+02
-1.396179572134649334e+02
-1.325464815539982624e+02
-1.596185451721520963e+02
-1.428297334506125935e+02
-1.423653488477987423e+02
-1.323724830424099252e+02
-1.377593384919280766e+02
-1.451898884955506333e+02
-1.443147442835543757e+02
-1.490253987641412721e+02
-1.437451192122717032e+02
-1.489048620015378219e+02
-1.536160405386731895e+02
-1.445412977454329564e+02
-1.421708967040646030e+02
-1.345505221032901488e+02
-1.520567254572838749e+02
-1.367191192567497637e+02
-1.418992650128299999e+02
-1.519232460691382585e+02
-1.461955074293638859e+02
-1.516948306434022697e+02
-1.443073923187236289e+02
-1.558027265178293135e+02
-1.303318865692592112e+02
-1.541830216463132217e+02
-1.570246736046155434e+02
-1.308495362322698838e+02
-1.469018219847745002e+02
-1.465657082092245957e+02
-1.474627404912807833e+02
-1.387195005641343641e+02
-1.430429484998203122e+02
-1.539148288641888769e+02
-1.453622233633126370e+02
-1.343206450539898924e+02
-1.548530987187322410e+02
-1.444462214906322401e+02
-1.528493593139834275e+02
-1.409083931622182604e+02
-1.339376887864876835e+02
-1.442398202235810345e+02
-1.474179502289563573e+02
-1.391008688601429810e+02
-1.566060524428226586e+02
-1.381258849615340409e+02
-1.532570442546732465e+02
-1.403853246407866777e+02
-1.520760983594907998e+02
-1.459691374297948130e+02
-1.507584582234486277e+02
-1.440622133334763362e+02
