-2.894676743188204568e+02
-2.906637901739035215e+02
-3.120317128456664477e+02
-3.179611922693208612e+02
-3.005362222421595675e+02
-3.244681651706745242e+02
-3.043217174248662786e+02
-2.980213675134525602e+02
-3.260349439511076071e+02
-2.940302377615520300e+02
-3.132809615470711719e+02
-3.108937784378113065e+02
-3.148605267806587449e+02
-2.953834325106774372e+02
-3.180571995384727870e+02
-2.907141846292660716e+02
-2.885011419750313166e+02
-2.904330062351962738e+02
-3.259217887579447961e+02
-2.706209428264567691e+02
-3.080764407047947770e+02
-3.030210909319753796e+02
-3.338397042650526032e+02
-3.023741442073438748e+02
-3.398745463067696733e+02
-3.225667507797160738e+02
-2.809758039804932537e+02
-3.155100136409366200e+02
-3.095627955700657594e+02
-3.369388699812959658e+02
-3.182010363418015686e+02
-3.023692316895787826e+02
-2.997108516412327504e+02
-3.067328631301560904e+02
-3.036614639860819125e+02
-3.163478515482150328e+02
-3.085697804995799629e+02
-2.918511235508606205e+02
-3.232004932026505344e+02
-2.999614377268378576e+02
-3.344819301882852187e+02
-3.390091432393980426e+02
-3.178784455106435871e+02
-3.003958794987116789e+02
-2.923428527905689975e+02
-3.358877116182512168e+02
-3.084103345100560887e+02
-2.947162114982887715e+02
-3.084497751825960563e+02
-3.066593811330939161e+02
-3.345284684897890202e+02
-3.073991509159071711e+02
-2.828065475954044246e+02
-3.308492595764902831e+02
-3.131540584805694039e+02
-3.201551645648823978e+02
-2.931961169694540104e+02
-3.172660557039482114e+02
-3.214142550189069993e+02
-3.141633831232242073e+02
-3.028781654655643365e+02
-3.025286687426195158e+02
-3.223827315705586898e+02
-3.243489048410588111e+02
-3.250051263973379605e+02
-2.977812862490443422e+02
-2.925802569192362625e+02
-3.087373000299510863e+02
-3.000157175843727941e+02
-3.109824715444487992e+02
-2.977079433454284185e+02
-2.656650440885651960e+02
-2.974186044859873732e+02
-3.196525681743678433e+02
-3.214020715708911666e+02
-2.873993942255826823e+02
-2.955230009187952760e+02
-3.010158776424510165e+02
-3.064280980024075234e+02
-3.186149469079483652e+02
-2.795292930850004041e+02
-3.152979103454659935e+02
-2.960241828361525336e+02
-2.893352630598359383e+02
-3.061423182166585661e+02
-2.978246068576070229e+02
-2.908733459950946099e+02
-3.108687395597072509e+02
-3.016692115681657356e+02
-2.546155320925555259e+02
-3.182533322166632956e+02
-2.987603012235856568e+02
-2.894203828561381897e+02
-2.912749374527176656e+02
-3.269480215141878148e+02
-2.941561741555650542e+02
-3.007483290297622034e+02
-3.113290091215000643e+02
-3.082649139607752886e+02
-3.141081178203249920e+02
