-1.423309894214725375e+02
-1.324470286920685567e+02
-1.532490298721013460e+02
-1.326476102327210356e+02
-1.494795682374576131e+02
-1.463010754988212909e+02
-1.529358486787537004e+02
-1.394397299792929346e+02
-1.539497246339164178e+02
-1.555905091200516210e+02
-1.471105896128771349e+02
-1.466457113073083462e+02
-1.444383881757684662e+02
-1.529594254601672390e+02
-1.549418857093364466e+02
-1.526916296077797881e+02
-1.538899920007295350e+02
-1.449172896889502624e+02
-1.578984552362112765e+02
-1.555118313157570640e+02
-1.543218146544907654e+02
-1.427231535780734930e+02
-1.484323298133536184e+02
-1.511903380785862225e+02
-1.368630898715877322e+02
-1.532866327689655179e+02
-1.413645116423427055e+02
-1.394688782733877588e+02
-1.448274977915124566e+02
-1.487882470782303983e+02
-1.409485701656140009e+02
-1.321301536935019385e+02
-1.625936570612723244e+02
-1.419410643518543225e+02
-1.530416389178052441e+02
-1.366780594376981242e+02
-1.554364129524308282e+02
-1.581529481123992866e+02
-1.413868916722912559e+02
-1.422542232593408187e+02
-1.454172957661342593e+02
-1.500401884232414318e+02
-1.397335683003852580e+02
-1.531447689173115805e+02
-1.492861933885417614e+02
-1.421353013670358507e+02
-1.480996172180292945e+02
-1.515455154226508228e+02
-1.561271403198665553e+02
-1.345917668721370148e+02
-1.318228739703557721e+02
-1.384362402884753749e+02
-1.444680816527028924e+02
-1.397303834164191016e+02
-1.480770437484412128e+02
-1.530713235439863524e+02
-1.373322947300266037e+02
-1.457215090006194202e+02
-1.549419945914213486e+02
-1.447449491101265266e+02
-1.413115015883259389e+02
-1.420942068523300463e+02
-1.479375599369031420e+02
-1.616268175003939405e+02
-1.409525576184836950e+02
-1.451296461746545958e+02
-1.539917285619880829e+02
-1.556541563777349211e+02
-1.516949408723179431e+02
-1.427140224279495442e+02
-1.451083274426875107e+02
-1.426491391822033563e+02
-1.386909299870434893e+02
-1.439383412724857294e+02
-1.234039690063503087e+02
-1.379778368040943803e+02
-1.505592007906650451e+02
-1.467376428328066993e+02
-1.371391008611220457e+02
-1.350645120714532084e+02
-1.361139587517428424e+02
-1.471514714591376674e+02
-1.436753701820939568e+02
-1.625781469907599046e+02
-1.471671334924150187e+02
-1.581604665853045049e+02
-1.471164535278904282e+02
-1.388812440286562833e+02
-1.535525591125971800e+02
-1.509696941267789612e+02
-1.345629099975444944e+02
-1.474771354008539106e+02
-1.432882938778887194e+02
-1.448648412770920970e+02
-1.458192834644868867e+02
-1.655935430130536474e+02
-1.479780730726239710e+02
-1.501694581418755945e+02
-1.466248324300769070e+02
-1.424447228884035326e+02
