-1.373257363323643006e+02
-1.477235715570763830e+02
-1.441621428883583746e+02
-1.436600241069982928e+02
-1.417949336845075266e+02
-1.405808669833736246e+02
-1.393452587871926767e+02
-1.482206495823144223e+02
-1.574414596824586852e+02
-1.439931428986801336e+02
-1.432644151972355644e+02
-1.467603012422301276e+02
-1.509059450093037071e+02
-1.612850319910413077e+02
-1.301665724961074773e+02
-1.426112296920774156e+02
-1.376843588813466397e+02
-1.364446065724582979e+02
-1.426729037373664255e+02
-1.449766372592947050e+02
-1.449100348899051482e+02
-1.387858593710946309e+02
-1.411446906558332728e+02
-1.600209164778898696e+02
-1.413126832771330044e+02
-1.486464830803672044e+02
-1.476216228162258233e+02
-1.454408928471778495e+02
-1.397941521820933701e+02
-1.331686494599406103e+02
-1.557928472293230016e+02
-1.535394968058871257e+02
-1.395294753969636474e+02
-1.548409451622248980e+02
-1.669934462942297557e+02
-1.340494655946994556e+02
-1.492350389717477981e+02
-1.512049900429658749e+02
-1.575821491218330550e+02
-1.437979390841762211e+02
-1.532881479269356362e+02
-1.572308369623503097e+02
-1.236281836524557747e+02
-1.663721259331659894e+02
-1.594661526540643592e+02
-1.410124691613980872e+02
-1.486214901202835676e+02
-1.496401362996961382e+02
-1.178687385105630057e+02
-1.450322838901203681e+02
-1.469428438147975555e+02
-1.612984127314484795e+02
-1.552488436682520785e+02
-1.403257018886660887e+02
-1.558630429866054783e+02
-1.465018156743292082e+02
-1.403830731296266663e+02
-1.271871860590695462e+02
-1.358721571405480688e+02
-1.337227423960302417e+02
-1.443775938149192939e+02
-1.534359424062300832e+02
-1.445385962142594281e+02
-1.517562693399173384e+02
-1.665234717408357028e+02
-1.319938450230285980e+02
-1.655963209855486298e+02
-1.513812276935628063e+02
-1.437285137547399074e+02
-1.524704374765301509e+02
-1.486641340444508614e+02
-1.405238585982280597e+02
-1.443215715396227949e+02
-1.406888301460462003e+02
-1.432999670281747342e+02
-1.406332137460519789e+02
-1.536007739147926259e+02
-1.442761946824298320e+02
-1.448165765902430167e+02
-1.402899009975483580e+02
-9.622457510819137383e+01
-1.502382146760215846e+02
-1.535228564693887279e+02
-1.391762655359070777e+02
-1.258391524194939706e+02
-1.297162733756489956e+02
-1.383596699787601665e+02
-1.468178740265092870e+02
-1.589949706803233198e+02
-1.326692112724006734e+02
-1.520557142275631577e+02
-1.431253987345432108e+02
-1.568188534568822945e+02
-1.455974301685638466e+02
-1.470737084305335145e+02
-1.507954673399931096e+02
-1.436858232449031050e+02
-1.446940976944771080e+02
-1.491150384101922270e+02
-1.187723952535326220e+02
