-1.422894921056989403e+02
-1.456382375872368584e+02
-1.440881756935481235e+02
-1.416450037187419753e+02
-1.639976299261974475e+02
-1.439820885215331998e+02
-1.595926353828895401e+02
-1.376841088984710098e+02
-1.447748028399246891e+02
-1.477757671332727512e+02
-1.463496217149618985e+02
-1.254507642218290755e+02
-1.488441303760671133e+02
-1.475397575145865687e+02
-1.483256056686758768e+02
-1.418191718108753037e+02
-1.353498259164308308e+02
-1.365753630625154358e+02
-1.562654519114085758e+02
-1.386266007768189468e+02
-1.448432178954530514e+02
-1.440714178000540926e+02
-1.379652890742275986e+02
-1.479747059759361605e+02
-1.518497683897572017e+02
-1.398854992919841038e+02
-1.452774210399193464e+02
-1.415264788445429929e+02
-1.420897789898318138e+02
-1.515241758589411916e+02
-1.391317355984268147e+02
-1.489435352161858646e+02
-1.462296655504054002e+02
-1.390599916048535931e+02
-1.498604986977991302e+02
-1.522594078231691128e+02
-1.434125447821951695e+02
-1.617046985053267463e+02
-1.449544942794109375e+02
-1.540355605463895472e+02
-1.315205990893788623e+02
-1.476148310008758813e+02
-1.474782777814134818e+02
-1.361667967383436064e+02
-1.267401679398881953e+02
-1.473643650724377778e+02
-1.497510338629070645e+02
-1.482697542619354465e+02
-1.589637282781177987e+02
-1.321509311219234348e+02
-1.430718258408229815e+02
-1.548375840178614453e+02
-1.484920760047629074e+02
-1.500561276860401563e+02
-1.323781729655705703e+02
-1.402903113822012244e+02
-1.232098538031188895e+02
-1.431257767659660374e+02
-1.570437849134252986e+02
-1.413038032968814264e+02
-1.423033878354484614e+02
-1.591269723909188372e+02
-1.355035673773526810e+02
-1.416987360746182389e+02
-1.475928310560344698e+02
-1.584863349689406391e+02
-1.435296605269562349e+02
-1.444721518071036712e+02
-1.220731197099559324e+02
-1.564742512790072908e+02
-1.403727267284325535e+02
-1.451804927175068372e+02
-1.460463252518317461e+02
-1.471381332701020597e+02
-1.375241502559424305e+02
-1.440599190528822930e+02
-1.538384766547686127e+02
-1.465595935604709723e+02
-1.513439268451085411e+02
-1.369827623536802719e+02
-1.309221312629047418e+02
-1.511049381885038940e+02
-1.419926570331458890e+02
-1.446715264456274497e+02
-1.507580932776909606e+02
-1.521109192196057620e+02
-1.468867366728966601e+02
-1.323174384143728446e+02
-1.522984712428788043e+02
-1.434203400635942387e+02
-1.400694394805410923e+02
-1.472016297085426686e+02
-1.491523232834058206e+02
-1.337935393552272956e+02
-1.577542868770151756e+02
-1.629442152025924884e+02
-1.538409352195130566e+02
-1.573215273100599916e+02
-1.432216585943934604e+02
-1.515133058126762364e+02
