-1.372095154391716676e+02
-1.503722154779007951e+02
-1.538449849615377900e+02
-1.242590623746829408e+02
-1.664010846217088044e+02
-1.520171281295782819e+02
-1.643659018871120736e+02
-1.542702732942482271e+02
-1.445904053834514116e+02
-1.386912429622029208e+02
-1.372710530949752297e+02
-1.429020354142366216e+02
-1.544735828728268814e+02
-1.481536796984660498e+02
-1.531195196521063053e+02
-1.535635723624823754e+02
-1.477907671670594993e+02
-1.598413491897907193e+02
-1.483643999935870568e+02
-1.264608756148453494e+02
-1.381458338117162441e+02
-1.311160640960480634e+02
-1.469023135790557149e+02
-1.406353110062529481e+02
-1.604033204308340714e+02
-1.386232780598954832e+02
-1.411012230145441322e+02
-1.433839541390232171e+02
-1.008625423011139617e+02
-1.394596299077441302e+02
-1.521595133895175707e+02
-1.447648621888058926e+02
-1.455678151006773930e+02
-1.606977962184124635e+02
-1.420458313568887547e+02
-1.388658990837186593e+02
-1.551975087223039225e+02
-1.421293059398880416e+02
-1.472849235904422187e+02
-1.471727925635654799e+02
-1.448037418164718417e+02
-1.418565397939523791e+02
-1.432403111876217849e+02
-1.401201730712229789e+02
-1.572440693138219672e+02
-1.480344775237658155e+02
-1.440806241960417253e+02
-1.508798721024413112e+02
-1.449176071978480991e+02
-1.465713859289823517e+02
-1.417916512068020438e+02
-1.470896902559178443e+02
-1.467946642665756656e+02
-1.414011465929919495e+02
-1.452522386693420913e+02
-1.576162983244083193e+02
-1.517338702457970783e+02
-1.475581191502363652e+02
-1.473314862320476379e+02
-1.480437466387989502e+02
-1.481473711893299310e+02
-1.543765438653526019e+02
-1.451914847372741519e+02
-1.451906685098061018e+02
-1.311377784226990286e+02
-1.521623871748174679e+02
-1.337813081432457523e+02
-1.512789044687967532e+02
-1.540536422538830550e+02
-1.357310945396370414e+02
-1.457322966347632587e+02
-1.422623570226662650e+02
-1.582353919218324450e+02
-1.548647990730214872e+02
-1.550867307146955909e+02
-1.393642293247170016e+02
-1.348035629873657513e+02
-1.424791426238469683e+02
-1.353328645640739296e+02
-1.538706012419776528e+02
-1.504468470324342206e+02
-1.496882433081489694e+02
-1.404685231191610342e+02
-1.498300134398088801e+02
-1.502687983205535431e+02
-1.450172932388547054e+02
-1.510605238242231678e+02
-1.492112338969027689e+02
-1.458919390263552032e+02
-1.300448917196086995e+02
-1.372743738243053713e+02
-1.493870772794908817e+02
-1.562929601713785246e+02
-1.659578894373642868e+02
-1.435557855782725767e+02
-1.305158324132094094e+02
-1.413784299112712404e+02
-1.645735892317756281e+02
-1.492188428624757535e+02
-1.465308838161788003e+02
