-1.573515583670464366e+02
-1.517291809164323411e+02
-1.402762664573157565e+02
-1.444231591932343406e+02
-1.358542724421666605e+02
-1.403429451276023485e+02
-1.499806127541837952e+02
-1.510182902398948386e+02
-1.467885671875257287e+02
-1.437197867654210199e+02
-1.449945259164751121e+02
-1.509766577778696046e+02
-1.479482022563484520e+02
-1.447829196196565533e+02
-1.362577299962627251e+02
-1.588097911681328185e+02
-1.398238924094260653e+02
-1.470248967192646319e+02
-1.432934631021413452e+02
-1.436146563408117913e+02
-1.521129350688774480e+02
-1.507627566735642120e+02
-1.475930119550475297e+02
-1.453424152383211947e+02
-1.551650387448388528e+02
-1.402802970735455119e+02
-1.612840769978335231e+02
-1.367594301508499370e+02
-1.489102200810935699e+02
-1.504156815351840351e+02
-1.440854852444163043e+02
-1.518626003415666901e+02
-1.421137263981237879e+02
-1.405089778451263101e+02
-1.476917606291382299e+02
-1.367981687372578961e+02
-1.343022057640552873e+02
-1.654800299921095927e+02
-1.384311873738635938e+02
-1.440220414581432351e+02
-1.503753694580216234e+02
-1.582347128136838421e+02
-1.420072287743710149e+02
-1.447720374822527560e+02
-1.428248458507778480e+02
-1.344584539852195348e+02
-1.484799557062542590e+02
-1.396335321145267585e+02
-1.590527935375570792e+02
-1.462686271613798112e+02
-1.395189757979905210e+02
-1.361702849313608965e+02
-1.444552945407913853e+02
-1.476781796180604260e+02
-1.483307832472414134e+02
-1.597383314682999753e+02
-1.561056878508955492e+02
-1.512749672899540485e+02
-1.623223011920019019e+02
-1.537614015652633839e+02
-1.677874305932110701e+02
-1.539008464273017012e+02
-1.460240624669888234e+02
-1.453199335526498714e+02
-1.485144302069214177e+02
-1.439331888256791387e+02
-1.516629883902143661e+02
-1.529298161886374601e+02
-1.477148814814081845e+02
-1.467438043365480382e+02
-1.505534835148910986e+02
-1.504775208548800549e+02
-1.394734109887889417e+02
-1.435829405874118834e+02
-1.451685656058275811e+02
-1.453137843229605437e+02
-1.447108180926928753e+02
-1.263030798856859604e+02
-1.409929765882630761e+02
-1.476631455251492753e+02
-1.388884241876387193e+02
-1.436117481026954295e+02
-1.551076755561014124e+02
-1.625851037585708241e+02
-1.271300242396265787e+02
-1.465589258639714672e+02
-1.544720905232067594e+02
-1.478628549521103253e+02
-1.473892587834616563e+02
-1.487976916319784664e+02
-1.390756551746232503e+02
-1.325982576720324744e+02
-1.423833811539782630e+02
-1.521096641413682562e+02
-1.426287722695536218e+02
-1.488611841840106251e+02
-1.372725963325626992e+02
-1.269076273628656395e+02
-1.628235342444207561e+02
-1.489102622466883474e+02
