-1.349859028203267712e+02
-1.519315165940764132e+02
-1.473366305341587292e+02
-1.442373919109914198e+02
-1.431196394359215844e+02
-1.389071326052202551e+02
-1.504455810666329114e+02
-1.571992126072063343e+02
-1.561035968267635496e+02
-1.586738282351916212e+02
-1.320314438539370769e+02
-1.358422625492709415e+02
-1.448768125155631594e+02
-1.578335347810125597e+02
-1.458992974353896557e+02
-1.459831375538272198e+02
-1.392064788774995350e+02
-1.458136863715689628e+02
-1.327728333060501029e+02
-1.526478419909586819e+02
-1.535538233172520961e+02
-1.321747707567535315e+02
-1.517785622316456227e+02
-1.129224997929028405e+02
-1.343091477355699226e+02
-1.521714261962439139e+02
-1.536619489503048044e+02
-1.533633024647493244e+02
-1.502172668300472367e+02
-1.535805851977947327e+02
-1.358934367142431370e+02
-1.563224422750501503e+02
-1.626913271713477798e+02
-1.445290528084955781e+02
-1.508926851754224288e+02
-1.392589590026882149e+02
-1.510042890625954044e+02
-1.391946235422273048e+02
-1.485039209209647595e+02
-1.468523573830577220e+02
-1.454939743131566559e+02
-1.443265186037234855e+02
-1.477564885939091823e+02
-1.553691706663171317e+02
-1.402464685395225104e+02
-1.436129345407317999e+02
-1.556066948386674653e+02
-1.453896923364806923e+02
-1.499852183488280275e+02
-1.485143530853763991e+02
-1.471225780259009355e+02
-1.559413633428978301e+02
-1.452443914867793922e+02
-1.530336061824731928e+02
-1.380051558022333325e+02
-1.330137916997720140e+02
-1.334686529548565090e+02
-1.639548662174005358e+02
-1.468298967913128195e+02
-1.473650889972398375e+02
-1.534927109295322509e+02
-1.636462199384851317e+02
-1.484144416703480545e+02
-1.532955773522394907e+02
-1.488076373873033447e+02
-1.542497278393256011e+02
-1.439459014661773892e+02
-1.425662992992908471e+02
-1.594046492604056482e+02
-1.434055647327356837e+02
-1.443891011145183825e+02
-1.394267886009486688e+02
-1.462547450609939972e+02
-1.483480122725219701e+02
-1.392553167879613909e+02
-1.475943572676098654e+02
-1.570085367742736651e+02
-1.380340324503214049e+02
-1.351530744874517325e+02
-1.434427702216167972e+02
-1.577249155016029079e+02
-1.351751528668681885e+02
-1.598708102018916577e+02
-1.533149749775295732e+02
-1.462873992768276139e+02
-1.335487047254625850e+02
-1.635824410742372379e+02
-1.380007411822038250e+02
-1.228632139473544242e+02
-1.403355472540428650e+02
-1.373639658239004859e+02
-1.466080398482584712e+02
-1.412109153246311450e+02
-1.439083181145231265e+02
-1.447748409537651924e+02
-1.551167792157260408e+02
-1.587632016258400540e+02
-1.564034856447533457e+02
-1.353979735820415442e+02
-1.364148385211417747e+02
