-1.425383762563713219e+02
-1.536001124697238538e+02
-1.373564906909282968e+02
-1.527611809309969715e+02
-1.465963819762917240e+02
-1.500279671478112959e+02
-1.527846791655885568e+02
-1.576011654552340246e+02
-1.351437638925011413e+02
-1.524834595566460109e+02
-1.447747468962444088e+02
-1.467322887159568268e+02
-1.688708415005208678e+02
-1.627071173396270467e+02
-1.528339996489790735e+02
-1.287076658252904622e+02
-1.575643658764885799e+02
-1.423995452356807334e+02
-1.449117736012866260e+02
-1.524713531125272539e+02
-1.514511159794345190e+02
-1.542347031959765786e+02
-1.569480645119894575e+02
-8.842692757214281585e+01
-1.383038292153904933e+02
-1.312688320190320610e+02
-1.625336761630875060e+02
-1.344794609960414391e+02
-1.525287462476521512e+02
-1.573478392852913998e+02
-1.388242966609614655e+02
-1.568669244042497724e+02
-1.503057694903413051e+02
-1.386945254467233610e+02
-1.633398542793597983e+02
-1.472027207434979630e+02
-1.541722920611151437e+02
-1.318833074859230123e+02
-1.423077817622785801e+02
-1.501807834179206509e+02
-1.376078212036529749e+02
-1.421960137296305788e+02
-1.432352005977238605e+02
-1.465340879951179431e+02
-1.552333464741628859e+02
-1.514818415247474377e+02
-1.459124807673698285e+02
-1.367269613217415554e+02
-1.451060230172859633e+02
-1.511972354653121613e+02
-1.527598165413075719e+02
-1.534467919893377541e+02
-1.403247131422996858e+02
-1.264343156731013806e+02
-1.423095372465394064e+02
-1.593811506909972593e+02
-1.571145908278484455e+02
-1.392581966664389199e+02
-1.459813340964419979e+02
-1.323494743937497731e+02
-1.541394047167358110e+02
-1.404864544529439740e+02
-1.341612237083441812e+02
-1.522074244133948184e+02
-1.463263899397486796e+02
-1.501936893255400207e+02
-1.373962384216914643e+02
-1.502732898187139199e+02
-1.460459173225350185e+02
-1.529219978970755562e+02
-1.384844274396415074e+02
-1.440506380911950828e+02
-1.444923540422622068e+02
-1.623717844602666673e+02
-1.423852197477335437e+02
-1.476165599671078326e+02
-1.468104013169154882e+02
-1.592894238075075748e+02
-1.518613981664906589e+02
-1.496910341944809488e+02
-1.485346763614869872e+02
-1.478652436401714283e+02
-1.263083214162395365e+02
-1.528765218987011281e+02
-1.339854298528915990e+02
-1.467713282431689663e+02
-1.603980465456060074e+02
-1.397809954960961818e+02
-1.533830315805554108e+02
-1.560312589641323200e+02
-1.459159520375441446e+02
-1.398884615806281886e+02
-1.441373917443230539e+02
-1.382735758599429232e+02
-1.274402786580611320e+02
-1.302838401744257624e+02
-1.405831213992132689e+02
-1.528095976230978579e+02
-1.358300637183241406e+02
-1.536882539224104107e+02
