-1.409038890856253943e+02
-1.475680268964476909e+02
-1.474128276357913307e+02
-1.491590073694212322e+02
-1.337822708437526558e+02
-1.640470821938378094e+02
-1.517866087876790857e+02
-1.334515283491626008e+02
-1.454791891751542892e+02
-1.457221564081973781e+02
-1.422877748920844567e+02
-1.608091499378583364e+02
-1.509778315732449414e+02
-1.480557130129245422e+02
-1.378620259108394066e+02
-1.453192322282032194e+02
-1.478539944862279469e+02
-1.345549321232903139e+02
-1.630174881753065108e+02
-1.447913295391172142e+02
-1.462347851808919188e+02
-1.406240699834700933e+02
-1.499515613559080691e+02
-1.231778981396228261e+02
-1.450806656657833855e+02
-1.489535412781475259e+02
-1.557579146682146245e+02
-1.456099757725705217e+02
-1.372236671695013115e+02
-1.572477565772123000e+02
-1.466789336457464969e+02
-1.474950464854169923e+02
-1.491175220333371954e+02
-1.334177998837211874e+02
-1.376800426384327807e+02
-1.550476280775095006e+02
-1.420529914180267212e+02
-1.584647707340495799e+02
-1.651570631624873329e+02
-1.487105507230719184e+02
-1.415044539483621122e+02
-1.523688412410036506e+02
-1.372531357702816592e+02
-1.505828920124540105e+02
-1.466676460756145843e+02
-1.352855233638517234e+02
-1.602459303928097825e+02
-1.332708285002897526e+02
-1.414761642122291221e+02
-1.402400067231974958e+02
-1.342138920455892332e+02
-1.457029243001508689e+02
-1.492444545734831536e+02
-1.524949802258119860e+02
-1.532054484486467913e+02
-1.604955581393717239e+02
-1.384533375980813901e+02
-1.354283357911234873e+02
-1.448183488979451283e+02
-1.517000842072765749e+02
-1.436708907333818672e+02
-1.325118409514033999e+02
-1.409434427056901882e+02
-1.326439195950522105e+02
-1.449213248718943987e+02
-1.428554058110277936e+02
-1.424271153209214731e+02
-1.477840590066477375e+02
-1.420022421465275784e+02
-1.395089499976336924e+02
-1.310518059661759196e+02
-1.391032639268326250e+02
-1.382618082249770168e+02
-1.385583550932841490e+02
-1.500680579960980481e+02
-1.368254953159210174e+02
-1.274859074082364003e+02
-1.585796276272492378e+02
-1.406872988732967258e+02
-1.569905096650235521e+02
-1.412999582397628444e+02
-1.479427301792942728e+02
-1.625307329356498656e+02
-1.595282972795882301e+02
-1.460704651500661271e+02
-1.529274497841748541e+02
-1.486626156814732838e+02
-1.525751531942885038e+02
-1.453413644597473251e+02
-1.427198470771945722e+02
-1.046332602386576127e+02
-1.484707385170216867e+02
-1.412608197345114149e+02
-1.438424125026165257e+02
-1.566223446756470423e+02
-1.381539739903747659e+02
-1.396696026496688603e+02
-1.549561955391872345e+02
-1.457251091577380180e+02
-1.321478119388075640e+02
