-3.185533793172328956e+02
-3.237484192842657649e+02
-3.244445754445007424e+02
-3.053412649144188435e+02
-3.111447615922781438e+02
-3.206689654582683033e+02
-3.030693436654892707e+02
-3.113923393548284935e+02
-2.979458734165315263e+02
-2.907839146061656947e+02
-3.306317165390183845e+02
-2.334284339608698815e+02
-2.994162432066401038e+02
-2.934979933815154141e+02
-3.303906666248827833e+02
-2.965851253749501097e+02
-3.230359045942221314e+02
-3.256851114627360175e+02
-3.057565666935013837e+02
-3.407353579235217467e+02
-2.862458746709810384e+02
-2.974929035320976141e+02
-3.078371355728918957e+02
-2.965486047034391390e+02
-3.088532154334473603e+02
-3.022406569733578294e+02
-3.548124453058035215e+02
-2.994076381071024571e+02
-2.820454773201288390e+02
-2.783160471434915735e+02
-3.132963191953674595e+02
-3.042557187040341660e+02
-3.157762003369095396e+02
-3.068254015370298475e+02
-3.027028959065011122e+02
-3.138098297698438728e+02
-3.358367828722143145e+02
-2.875637551708805972e+02
-3.079711443554802486e+02
-3.080235304061800434e+02
-2.764501162594277730e+02
-3.061608003854135518e+02
-3.190959021972504388e+02
-3.066113354296115858e+02
-3.102430988166096881e+02
-3.107722003722487329e+02
-3.044267813361672665e+02
-2.898671683048845011e+02
-3.290347651429530629e+02
-3.111143335883241434e+02
-3.153059294685489249e+02
-2.967030978372789605e+02
-3.063804996251981834e+02
-2.899420788291944291e+02
-3.139584051777956688e+02
-3.241139336671604383e+02
-3.102297378367591705e+02
-3.093187154709752349e+02
-3.052278203888464532e+02
-3.026580035600217684e+02
-3.087571384548000992e+02
-3.047186369085262072e+02
-3.149696760437834655e+02
-2.974021851540963439e+02
-2.999265925025027286e+02
-2.580513502300822211e+02
-3.008796423267620526e+02
-3.203178555881257807e+02
-2.943952289027363349e+02
-3.069237357149354466e+02
-2.924867391159098133e+02
-3.243936318707840201e+02
-2.980367379713304672e+02
-2.865795352337505619e+02
-3.043597846380099554e+02
-3.110003774089132662e+02
-2.863394631430404047e+02
-3.154632663241597470e+02
-3.140942283347861803e+02
-3.172681335688407671e+02
-2.748270946435623046e+02
-3.005840001388834253e+02
-3.279633534286842291e+02
-2.959856097014637157e+02
-2.019195969830952606e+02
-3.362561130233335120e+02
-3.028960180554681756e+02
-3.117525893689121972e+02
-3.218390539834072683e+02
-3.283831644664438727e+02
-3.310787801292844392e+02
-2.968348509859503110e+02
-2.999087701968807096e+02
-3.203384858262422199e+02
-3.174356817953218979e+02
-3.009786715074914696e+02
-3.097787159299600717e+02
-3.087575520239309412e+02
-2.879929418696054313e+02
-3.310675092250020271e+02
