-2.890013424784855260e+02
-3.197062240230749239e+02
-2.956636581643072077e+02
-3.183517687648135848e+02
-3.325878564071486494e+02
-3.281946335999042503e+02
-3.054055272311100566e+02
-3.082715726538851868e+02
-3.014369528545548178e+02
-3.029733422181618607e+02
-3.221403436588151976e+02
-2.989944823602442057e+02
-2.993694838155454363e+02
-3.021801144852595371e+02
-2.521500805193324481e+02
-3.086182886911853984e+02
-3.058076453914658828e+02
-3.178154433027269192e+02
-2.951034932112428351e+02
-3.105119721309578722e+02
-2.797436494394177089e+02
-3.059763343701034728e+02
-3.362734081374020434e+02
-3.000732409652703154e+02
-3.161208524679428251e+02
-3.103407073322006227e+02
-3.018445021873212113e+02
-3.180410825542099928e+02
-3.368964895745783679e+02
-3.255576915802794247e+02
-2.950109971220815055e+02
-3.108383905433096288e+02
-3.277325437428567625e+02
-3.148319567771533798e+02
-3.051437398212117387e+02
-2.566367339439852913e+02
-3.097755276257329911e+02
-3.204480777679656853e+02
-3.208846959959201968e+02
-3.131866513856803067e+02
-3.110518801162644422e+02
-3.037671555032636661e+02
-3.009567301970230346e+02
-2.982887735352194341e+02
-3.103182809776112094e+02
-3.022078227008530007e+02
-2.906491539851524522e+02
-3.031339232263770214e+02
-3.073950276093893876e+02
-3.262905688819754459e+02
-3.202519657027346511e+02
-2.942627081839855236e+02
-3.297934342006896600e+02
-3.143678073749584314e+02
-3.307464301180833104e+02
-2.507514890929024602e+02
-3.196477295387785489e+02
-3.199268636746422203e+02
-3.029947682704301997e+02
-3.205029671941358629e+02
-3.441762503338779311e+02
-3.142639295391973064e+02
-2.854974273795481849e+02
-3.203578797156043834e+02
-3.117166235029026780e+02
-2.977858202249986448e+02
-3.171748108815518776e+02
-3.058455748987766469e+02
-2.798316167573573239e+02
-3.264270804134507671e+02
-3.055297709333922285e+02
-3.197538419384047756e+02
-3.015451901225372353e+02
-3.139018885544825821e+02
-1.855197491701257206e+02
-3.161482806102312679e+02
-3.020216291776670801e+02
-2.954448374503209607e+02
-3.284636533385041162e+02
-3.151134424507283143e+02
-3.083193044801773794e+02
-3.150944087133747189e+02
-3.031642025597805059e+02
-2.968749707321423443e+02
-3.076304573438602006e+02
-3.060279664577035419e+02
-3.048161281237429989e+02
-3.010694769528177517e+02
-3.121758539350813635e+02
-2.917675447707131298e+02
-2.937854711381028210e+02
-3.078730336751198706e+02
-3.213370195670837006e+02
-3.310601519314717507e+02
-2.884511877630345111e+02
-3.041116159083551906e+02
-3.159447668170343491e+02
-3.095458302846979564e+02
-3.217132391445406370e+02
-3.002523312764261050e+02
