-3.100253498769542944e+02
-2.927638522745949672e+02
-3.011965425428955427e+02
-3.262619303291552910e+02
-2.900300718069776167e+02
-2.988388337122093503e+02
-3.059718733781346032e+02
-3.089252717490888926e+02
-3.029151519554929450e+02
-2.967222298469645239e+02
-3.064756598582001175e+02
-3.254069220071943960e+02
-2.881174848457904432e+02
-3.170022592507970103e+02
-3.174502322326276840e+02
-3.063926129444295157e+02
-3.223441036916141798e+02
-2.967749354584180992e+02
-2.982295214099628993e+02
-3.038485063404536390e+02
-2.407690466428826994e+02
-3.467381432680875264e+02
-3.048035028212585189e+02
-3.286579233704100602e+02
-2.927728058375663522e+02
-3.088709336363803004e+02
-3.212110346148481881e+02
-3.081767514528791025e+02
-3.044449840251505179e+02
-2.917177326711980641e+02
-1.976511057163399130e+02
-3.269694779292504450e+02
-3.201600834601334213e+02
-3.122763986625231496e+02
-3.240983402397430950e+02
-2.954600134934952962e+02
-3.406904770939135005e+02
-2.613900206868220266e+02
-2.983918442112697562e+02
-3.078093621252872367e+02
-3.011193853772108469e+02
-3.298749937700544592e+02
-3.013277286305833513e+02
-2.856492460930764992e+02
-3.271921335070201167e+02
-3.183578620154923442e+02
-2.877189806835447143e+02
-3.100746465353552139e+02
-2.346882562334122611e+02
-3.179382621006980685e+02
-2.919709333398326407e+02
-2.833337370184912629e+02
-3.063325355380447945e+02
-2.927874998552297257e+02
-3.277262439858909602e+02
-2.952963207405992421e+02
-3.012088032907621482e+02
-3.097643942343294725e+02
-3.245050932904177330e+02
-3.163404438959093454e+02
-3.198466454574652289e+02
-2.941190287273808508e+02
-3.150523912484758284e+02
-3.116073856608115875e+02
-3.248859822045311034e+02
-3.372700497657721712e+02
-3.058755533733751122e+02
-2.954180685470465164e+02
-3.015944910473802452e+02
-2.960589208394406455e+02
-3.111584406375346248e+02
-2.754369999886902747e+02
-3.314709088683449636e+02
-3.176422797776497760e+02
-3.174286692575235520e+02
-2.864958566643629752e+02
-3.023593334726920148e+02
-3.022054900924180743e+02
-3.013617976743494182e+02
-3.214621556783049527e+02
-3.128436082169433234e+02
-3.098640674686042189e+02
-3.128458742570281288e+02
-3.095539258094505044e+02
-2.959512316883333369e+02
-2.747645425388212175e+02
-3.002013669973212586e+02
-3.024552688068982889e+02
-3.032333718603231887e+02
-2.807019669018358172e+02
-2.935326254275075257e+02
-3.198007693661704138e+02
-3.229132986476631118e+02
-3.007016242120744778e+02
-3.064268375771623596e+02
-2.944552815100312841e+02
-2.997266026306387516e+02
-2.889252603348310799e+02
-2.994060243591953281e+02
-3.094750250188249083e+02
