-1.468922449387430618e+02
-1.585428172252991033e+02
-1.382574638411921057e+02
-1.422009677580502114e+02
-1.491262861329035161e+02
-1.456831791862177283e+02
-1.419813084109538011e+02
-1.441527771127957465e+02
-1.460418693242460222e+02
-1.457417353819353991e+02
-1.394502842347485512e+02
-1.443590792093785353e+02
-1.558651489217591575e+02
-1.678491805356420343e+02
-1.490950116592461825e+02
-1.440974672778077093e+02
-1.469140146063299142e+02
-1.473938669287514642e+02
-1.618509920338168513e+02
-1.586330642568379687e+02
-1.478431400293376043e+02
-1.585082204667078543e+02
-1.512300671838764003e+02
-1.491871716374057542e+02
-1.497906499447779254e+02
-1.485579416276079883e+02
-1.482875302474500927e+02
-1.449602551057250821e+02
-1.269502856346794601e+02
-1.376261607073473954e+02
-1.503269448567924087e+02
-1.442535749137727805e+02
-1.390210803833584521e+02
-1.599296105664469962e+02
-1.501681697071030328e+02
-1.541918359758311396e+02
-1.545512401068596375e+02
-1.491265798057112875e+02
-1.330396837335251519e+02
-1.595161493349288548e+02
-1.447809947599911595e+02
-1.521012576251196151e+02
-1.596899899296522847e+02
-1.531571797816592948e+02
-1.480385801830299215e+02
-1.567953862860625804e+02
-1.342186327452626813e+02
-1.439511385656168443e+02
-1.615720410472195283e+02
-1.346533644715427442e+02
-1.572788366960315045e+02
-1.559197442814115959e+02
-1.534165507842353975e+02
-1.384957171519199335e+02
-1.513381627650076382e+02
-1.421099763080440539e+02
-1.379057062917840426e+02
-1.474643351008701586e+02
-1.341635355894204054e+02
-1.508355090016363818e+02
-1.601671218665766787e+02
-1.461881440630177735e+02
-1.541710741557837991e+02
-1.521549312403733722e+02
-1.516644882195830633e+02
-1.424279792201932935e+02
-1.506393308724449014e+02
-1.362235455161946049e+02
-1.464655546306504732e+02
-1.582367908208364895e+02
-1.531025999244994296e+02
-1.452196555101182014e+02
-1.639956464266020078e+02
-1.441289954555647057e+02
-1.490560937403977846e+02
-1.502801877660690479e+02
-1.568502441239865277e+02
-1.562584050632472668e+02
-1.550782222425823136e+02
-1.475497479020892797e+02
-1.421086517105918574e+02
-1.443891195933493634e+02
-1.430533413013401400e+02
-1.536716734982722699e+02
-1.351076067290345293e+02
-1.521142334147607471e+02
-1.368910172771873306e+02
-1.426793902532474476e+02
-1.554482783190054818e+02
-1.367903315707148408e+02
-1.433291924328198945e+02
-1.415448874776780883e+02
-1.459079836541747284e+02
-1.483509608907089330e+02
-1.522422698178832547e+02
-1.360929101792573874e+02
-1.445349874121708922e+02
-1.441466355316503893e+02
-1.462069476433406976e+02
-1.459929568694351190e+02
