-2.920160996019408799e+02
-3.252645375665122742e+02
-3.111515284284858467e+02
-3.131625022096331463e+02
-3.055427071612084546e+02
-3.338119044313634731e+02
-3.390082435356928272e+02
-3.165809664883943242e+02
-2.918199168130952899e+02
-3.326270349661936621e+02
-3.379875817365474973e+02
-3.208606569733292986e+02
-3.085633014096588340e+02
-3.272179576761619160e+02
-3.104412686859362225e+02
-3.266832656756549795e+02
-3.064151620428452247e+02
-3.032444073262174129e+02
-2.971373236195593108e+02
-3.080092822272897024e+02
-3.430287837850308392e+02
-3.335015144085972452e+02
-3.278836116506523695e+02
-3.278020653271000242e+02
-3.011976351732238300e+02
-3.078624405270467150e+02
-3.171004180020886452e+02
-2.985369449356937253e+02
-3.394771723452172978e+02
-3.270294492427028672e+02
-3.103105898271876413e+02
-3.213112633124962372e+02
-2.951462916938654644e+02
-3.074938676703115448e+02
-3.225604608555880191e+02
-3.125773004870410432e+02
-3.108614639954795962e+02
-2.916256084719366868e+02
-3.084157294681499479e+02
-3.022981052128898796e+02
-2.924560265091440669e+02
-2.963202260451439543e+02
-3.179366611272698151e+02
-3.099731603203368877e+02
-3.149254569199824232e+02
-3.310633515692562696e+02
-3.101254786542535271e+02
-2.925519953727376219e+02
-3.362487612718607011e+02
-3.154591940655063809e+02
-3.538374434136318882e+02
-3.296928682673618027e+02
-3.193364963540400936e+02
-3.180368406528249352e+02
-3.127317068403099825e+02
-3.148510058476119298e+02
-3.279512456288557019e+02
-3.064368104790231087e+02
-3.298611106809669309e+02
-3.299026362192489046e+02
-3.155480982192379429e+02
-3.040501467718844992e+02
-2.892593775769334457e+02
-3.126054899048671132e+02
-2.651720202221462728e+02
-2.811327770314317149e+02
-3.046894933256949685e+02
-2.842791802935282135e+02
-3.133099841537015209e+02
-3.059455275885179049e+02
-3.055663381772509410e+02
-3.142007470600270835e+02
-3.115157249862512572e+02
-3.425889461857110518e+02
-2.957177070550116014e+02
-3.033290293145652754e+02
-2.955922183166082391e+02
-3.479159390658906545e+02
-3.235089263794506564e+02
-2.925543777341472378e+02
-3.322430137944043054e+02
-3.175440342683364179e+02
-3.047923872020502927e+02
-3.196219379226606065e+02
-3.100043432230029339e+02
-2.921736639367905468e+02
-2.926881034245129740e+02
-3.223444218754165718e+02
-2.962273706399873845e+02
-3.301589217521637920e+02
-2.949452451505270574e+02
-2.963862075531163782e+02
-2.999113862095839522e+02
-2.935460343670753787e+02
-2.877649951816385965e+02
-3.122565790509717658e+02
-3.382766707298686129e+02
-2.780130558377403531e+02
-3.286145677510979226e+02
-3.070996965494068149e+02
