-1.536702951698414381e+02
-1.516576156642354363e+02
-1.519160287423570139e+02
-1.202551341122874078e+02
-1.453340193094524295e+02
-1.488594332149124853e+02
-1.496222546725634857e+02
-1.543929116159167165e+02
-1.464875981475755395e+02
-1.409330991276497400e+02
-1.429619282924541892e+02
-1.498595702960283802e+02
-1.344373862487848896e+02
-1.578293914789737471e+02
-1.370874620171139213e+02
-1.480271369038872820e+02
-1.493007171612772481e+02
-1.502875614221383671e+02
-1.501930106200510977e+02
-1.384607983137257463e+02
-1.497270421810829930e+02
-1.441601425509675209e+02
-1.425052983472893402e+02
-1.522935914610274324e+02
-1.348572549554047839e+02
-1.429342022253865991e+02
-1.604822600258231375e+02
-1.546814835127578363e+02
-1.390656702370094422e+02
-1.495919680678818509e+02
-1.288042571872360611e+02
-1.401945182533501679e+02
-1.553521932563023995e+02
-1.545730703453480430e+02
-1.422654912271602825e+02
-1.425673510328291798e+02
-1.441026649193384230e+02
-1.455349772227367566e+02
-1.451954049760109342e+02
-1.569915075554974351e+02
-1.397911009955434167e+02
-1.445551144154066208e+02
-1.318549386965819394e+02
-1.554713453538128078e+02
-1.643584044093758223e+02
-1.417630438571298157e+02
-1.459777031956313635e+02
-1.553173198741002921e+02
-1.283235638495235662e+02
-1.407282258826666066e+02
-1.402254871350639860e+02
-1.547635306364172152e+02
-1.549948735668359632e+02
-1.503643722781919507e+02
-1.376615763854935892e+02
-1.463337175732241917e+02
-1.500914670665818846e+02
-1.569050441154340945e+02
-1.543993894679764196e+02
-1.469323840011076356e+02
-1.425311402360354407e+02
-1.464642529238218458e+02
-1.464512252441523685e+02
-1.453925866482945821e+02
-1.489649804289561530e+02
-1.433907639818717996e+02
-1.600238211065095584e+02
-1.650904910642137224e+02
-1.617920512223256537e+02
-1.630968113657058325e+02
-1.439113862352286901e+02
-1.458854354760301533e+02
-1.398211012560644519e+02
-1.423812765585035152e+02
-1.318465109964196245e+02
-1.566866645107656097e+02
-1.475503823675179831e+02
-1.571725536728131658e+02
-1.373415507925097359e+02
-1.589751999504314028e+02
-1.598278842404313593e+02
-1.426905321493838130e+02
-1.490030373046294017e+02
-1.354314068220298282e+02
-1.489317296888371800e+02
-1.557228087137563648e+02
-1.417034845381335515e+02
-1.428515074349034819e+02
-1.700481587329463480e+02
-1.428359241625496168e+02
-1.441044379079163775e+02
-1.488943720699483038e+02
-1.399312939085347125e+02
-1.449308619602648207e+02
-1.409228472561376861e+02
-1.490669512415447286e+02
-1.493670792258295421e+02
-1.392395095068424666e+02
-1.456164476374841570e+02
-1.477069913810890966e+02
