-1.377434218598517930e+02
-1.517901686746994301e+02
-1.362926009337406867e+02
-1.367149640704064950e+02
-1.513009081240238913e+02
-1.458753754145021162e+02
-1.411072250641240942e+02
-1.529102323699334249e+02
-1.527781554097099388e+02
-1.429387830290626198e+02
-1.511181720715491963e+02
-1.638080819175746683e+02
-1.385923308915813834e+02
-1.491396385779875402e+02
-1.418805958415495638e+02
-1.424891200949697634e+02
-1.521240184335788115e+02
-1.513716007463206665e+02
-1.550401345570370211e+02
-1.524599372210246599e+02
-1.549702302453975449e+02
-1.383271585089021869e+02
-1.490938078833774227e+02
-1.450250616165883173e+02
-1.432499956130326950e+02
-1.354384413893549208e+02
-1.476983502250817253e+02
-1.557357346357209167e+02
-1.525222996379536937e+02
-1.582460640107674692e+02
-1.260169794633109177e+02
-1.406178205688689786e+02
-1.467015521529385182e+02
-1.570132956619703464e+02
-1.499694064708478152e+02
-1.588962511215394500e+02
-1.483975610063994850e+02
-1.585990435962048366e+02
-1.473103073025000356e+02
-1.407879659934764049e+02
-1.355277181653345622e+02
-1.566659611320936847e+02
-1.440291773122390282e+02
-1.431362208129459077e+02
-1.522982384031715810e+02
-1.385565670759992827e+02
-1.464236637076420209e+02
-1.407900509923216532e+02
-1.306217198621096145e+02
-1.510006018322055752e+02
-1.544075972924145219e+02
-1.475968795899894985e+02
-8.271891411076416034e+01
-1.288622567192444421e+02
-1.422044024286174420e+02
-1.511023079205907607e+02
-1.484509515781474249e+02
-1.373097059146646473e+02
-1.620568863368407619e+02
-1.506189492620221131e+02
-1.443563783274640855e+02
-1.438037968232350181e+02
-1.497264340974977017e+02
-1.450886070488326993e+02
-1.353013256196404086e+02
-1.569901897306308172e+02
-1.463897688073285508e+02
-1.454848324099797026e+02
-1.279516464937304647e+02
-1.490757499141684548e+02
-1.395940771172503503e+02
-1.596061259274458735e+02
-1.531374375677106912e+02
-1.481290544307013590e+02
-1.424345808033412197e+02
-1.584367407915640911e+02
-1.358886417633096926e+02
-1.271149312596913177e+02
-1.352654819689516614e+02
-1.502281748529044307e+02
-1.625585399057626717e+02
-1.641740870851426450e+02
-1.380958433654294026e+02
-1.397498156614112474e+02
-1.421227360840468634e+02
-1.513013412945796858e+02
-1.328105145626630019e+02
-1.460061443590672638e+02
-1.342563209753624562e+02
-1.466492496643951142e+02
-1.464307933903147898e+02
-1.556826297158928867e+02
-1.406214242217708374e+02
-1.507050622420478589e+02
-1.444187497509927027e+02
-1.472660616973779781e+02
-1.578492130347378293e+02
-1.602610404472671064e+02
-1.528543996855305807e+02
-1.473634057494491003e+02
