-3.187889598977197352e+02
-2.899412941376249933e+02
-3.168745751545159806e+02
-2.865076179057107311e+02
-3.339576137743096069e+02
-3.020882775583046396e+02
-2.755452302646838234e+02
-2.953577024745316066e+02
-3.003814615145889206e+02
-3.149158732348793137e+02
-3.037120020066138864e+02
-3.111132114444427543e+02
-3.181373295538293746e+02
-2.845336127223567360e+02
-2.879781499384885706e+02
-3.057821614521465676e+02
-3.050316459857426707e+02
-3.099644328962385771e+02
-3.170258890640757272e+02
-3.107434653074585640e+02
-3.061518650563567689e+02
-3.102101045302719626e+02
-3.082402867616702338e+02
-3.072434432925857095e+02
-3.212356342316545010e+02
-3.182687769702869787e+02
-3.271107852396118574e+02
-3.110356761273404800e+02
-3.125918015547166533e+02
-3.023175636525771779e+02
-3.063082038464149832e+02
-3.206653999992454374e+02
-3.155726152990515061e+02
-3.026618351540635103e+02
-2.761680868519123351e+02
-3.155890454253240023e+02
-3.348109202212936566e+02
-3.186077141573447875e+02
-2.921164621981574783e+02
-3.138763123734778446e+02
-2.983539761871955989e+02
-3.103552194295633058e+02
-2.907490387811474761e+02
-3.074839688903555839e+02
-3.229261036974663739e+02
-3.154146908273565373e+02
-3.003003042785514367e+02
-2.875805531389354428e+02
-3.215256363020137655e+02
-3.242972673204964735e+02
-3.225446314005125714e+02
-2.956251502751787825e+02
-2.979121349240819541e+02
-3.058490323734062599e+02
-3.133749311559279249e+02
-2.922680463145595127e+02
-3.150801985179949725e+02
-2.924371840126277675e+02
-2.882165870040217328e+02
-3.075946459989154960e+02
-3.046844119740034671e+02
-3.067051761178668698e+02
-3.100395804062698630e+02
-3.025566698854653964e+02
-2.935667083823486792e+02
-3.347260102297412914e+02
-3.374408018467696593e+02
-3.205907638253961522e+02
-3.169773006052424194e+02
-3.055497913593259227e+02
-2.942538465443894324e+02
-3.145216189861516227e+02
-3.025035232904197073e+02
-3.070246790483268455e+02
-3.209585137072229486e+02
-3.042904418366615573e+02
-2.640280499871403777e+02
-2.840086278295231068e+02
-2.811827137360670577e+02
-3.074843618621403039e+02
-2.976496086677368567e+02
-3.233561757650934965e+02
-3.148699899662711914e+02
-2.957014397484185224e+02
-2.948604079824624478e+02
-2.912128218650697136e+02
-3.038652115626439354e+02
-3.014422415256929639e+02
-2.915045347486969831e+02
-3.184372232538788694e+02
-3.201843788184295931e+02
-3.215215392236021330e+02
-2.980016523912133835e+02
-3.235980371179447275e+02
-3.116000179849688152e+02
-3.179781752046781094e+02
-3.009576708017644364e+02
-3.046767579230351544e+02
-3.137677134515014359e+02
-3.337385554571795865e+02
