5.579062134201927314e+00	6.282056934941139481e+00	1.000000000000000000e+00
3.842344740724616958e+00	4.082804297149400519e+00	1.000000000000000000e+00
4.534146387854823601e+00	3.280581688294671228e+00	1.000000000000000000e+00
7.311727146131287824e+00	5.679080255938902866e+00	1.000000000000000000e+00
2.456922438947052090e+00	5.685678276616594751e+00	1.000000000000000000e+00
1.505432336458826903e+01	9.338456070911449913e+00	1.000000000000000000e+00
6.275439986229456757e+00	8.282637828435881033e+00	1.000000000000000000e+00
2.463046202267194396e+00	1.129293934155010426e+01	1.000000000000000000e+00
1.769163051996152802e+01	1.465663892751480457e+00	1.000000000000000000e+00
8.353424484106891867e+00	5.878273132819673563e+00	1.000000000000000000e+00
5.246757037934804302e+00	1.369307488741359791e+01	1.000000000000000000e+00
1.867940166920066858e+01	3.016039685433912432e+00	1.000000000000000000e+00
9.047916890716047433e+00	5.074987606600389611e+00	1.000000000000000000e+00
6.629132001262835416e+00	1.208554240927986356e+01	1.000000000000000000e+00
1.589893278763246798e+01	2.604478498000989628e+00	1.000000000000000000e+00
5.230954990033826135e+00	5.281592154894069857e+00	1.000000000000000000e+00
2.109233533389752946e+00	7.488486906092274076e+00	1.000000000000000000e+00
6.271268072256038550e+00	5.480150583054322233e+00	1.000000000000000000e+00
5.927218642540710292e+00	7.282399199174693472e+00	1.000000000000000000e+00
3.152741887934848553e+00	7.687508192536922635e+00	1.000000000000000000e+00
6.616158115704469544e+00	3.677443632673476959e+00	1.000000000000000000e+00
6.619546619771585760e+00	6.480741422152680897e+00	1.000000000000000000e+00
4.199091410914884470e+00	1.068821936930790706e+01	1.000000000000000000e+00
7.310742602501129284e+00	2.874259500702480263e+00	1.000000000000000000e+00
8.009223823498521355e+00	7.679483112942502743e+00	1.000000000000000000e+00
4.896310299556521528e+00	1.268923613162315966e+01	1.000000000000000000e+00
3.833684086791848245e+00	1.276441730534489949e+00	1.000000000000000000e+00
9.053705545831663315e+00	7.881138690021304072e+00	1.000000000000000000e+00
7.670113670503057257e+00	1.228322630150637629e+01	1.000000000000000000e+00
1.581478574335756271e+01	4.791944207835654446e-01	1.000000000000000000e+00
3.498261414276039982e+00	5.885245443548589250e+00	1.000000000000000000e+00
3.850792475228818734e+00	9.687893622649330183e+00	1.000000000000000000e+00
7.660027505435402340e+00	3.875738681767260996e+00	1.000000000000000000e+00
4.886671791721433955e+00	7.083887869136767712e+00	1.000000000000000000e+00
1.760584177138059481e+00	6.484793134337338394e+00	1.000000000000000000e+00
3.492908050534218933e+00	3.082505860364018080e+00	1.000000000000000000e+00
6.967854290714280197e+00	7.481083577180469568e+00	1.000000000000000000e+00
2.113647844943995491e+00	1.028908234422397250e+01	1.000000000000000000e+00
3.140834751199993669e+00	2.081303863004309473e+00	1.000000000000000000e+00
7.316151316663757953e+00	8.481165238834133646e+00	1.000000000000000000e+00
4.201503317992531628e+00	1.349391814292560632e+01	1.000000000000000000e+00
4.882784483663104247e+00	4.281053693124746928e+00	1.000000000000000000e+00
8.705038196216102975e+00	6.877435300232506599e+00	1.000000000000000000e+00
6.977531484497419889e+00	1.309001564123117589e+01	1.000000000000000000e+00
4.538646599038499652e+00	6.083662742602097495e+00	1.000000000000000000e+00
3.845960413069358097e+00	6.885607857815456256e+00	1.000000000000000000e+00
2.447160333270857802e+00	2.886076098148771418e+00	1.000000000000000000e+00
7.660412056519604995e+00	6.679805364286835356e+00	1.000000000000000000e+00
5.234882542841137187e+00	8.084111469459774213e+00	1.000000000000000000e+00
2.805064295360720106e+00	6.686904242554086331e+00	1.000000000000000000e+00
1.778260319894425123e+01	3.586679538786182952e+00	1.000000000000000000e+00
5.583260402299560887e+00	9.084372644292050936e+00	1.000000000000000000e+00
3.158128732201223698e+00	1.049025113559893896e+01	1.000000000000000000e+00
1.684087183989578307e+01	3.095572594181219994e+00	1.000000000000000000e+00
8.357619482434014202e+00	8.680648535158777435e+00	1.000000000000000000e+00
3.506462037219143291e+00	1.149032618207990630e+01	1.000000000000000000e+00
1.863378345201799746e+01	1.954911317294703688e+00	1.000000000000000000e+00
8.710064896264976042e+00	9.681122927283080770e+00	1.000000000000000000e+00
5.226034594225401619e+00	2.478150713387633264e+00	1.000000000000000000e+00
1.585384783315372559e+01	1.543074788836968469e+00	1.000000000000000000e+00
3.501980803463124126e+00	8.687210072656665005e+00	1.000000000000000000e+00
5.918978498422617029e+00	1.673485488590975789e+00	1.000000000000000000e+00
8.004715910040159699e+00	4.876807258330592809e+00	1.000000000000000000e+00
4.542727178034863478e+00	8.885885277880603894e+00	1.000000000000000000e+00
2.800591316449806190e+00	3.885191523216350529e+00	1.000000000000000000e+00
1.675200732272946880e+01	9.758099565658288066e-01	1.000000000000000000e+00
6.623790114293977460e+00	9.282829463922842805e+00	1.000000000000000000e+00
2.457582365920902401e+00	8.490830168535540068e+00	1.000000000000000000e+00
1.773667701849954526e+01	2.524464838801212530e+00	1.000000000000000000e+00
7.664560057177165042e+00	9.481648454439495666e+00	1.000000000000000000e+00
4.547608177756190528e+00	1.168846949132265145e+01	1.000000000000000000e+00
4.184612322650081317e+00	2.280044787044929411e+00	1.000000000000000000e+00
8.366334267745161313e+00	1.148256595879116304e+01	1.000000000000000000e+00
8.024283757354075064e+00	1.328302123429475756e+01	1.000000000000000000e+00
1.601023245839164133e+01	9.808875119827384026e+00	1.000000000000000000e+00
5.931721200928607551e+00	1.008465363916626423e+01	1.000000000000000000e+00
5.574983969574510922e+00	3.478914190212091029e+00	1.000000000000000000e+00
4.876883519155880364e+00	1.475054026000718554e+00	1.000000000000000000e+00
6.280223714849842764e+00	1.108496839312758731e+01	1.000000000000000000e+00
2.104458862308455469e+00	4.685353777773905826e+00	1.000000000000000000e+00
6.963507909841252896e+00	4.678067460548570367e+00	1.000000000000000000e+00
6.972288182591896089e+00	1.028306377145337613e+01	1.000000000000000000e+00
2.809683783967605208e+00	9.489536648702866728e+00	1.000000000000000000e+00
1.679637305962469540e+01	2.034674166132079076e+00	1.000000000000000000e+00
8.014360590411602203e+00	1.048184449496972270e+01	1.000000000000000000e+00
3.855170186251454023e+00	1.249135978189867124e+01	1.000000000000000000e+00
1.764370650807929763e+01	4.026363074885179749e-01	1.000000000000000000e+00
7.320989995889912727e+00	1.128302619702890652e+01	1.000000000000000000e+00
5.937256159235686503e+00	1.288817069921394420e+01	1.000000000000000000e+00
6.962047083745201981e+00	1.871497636430934142e+00	1.000000000000000000e+00
4.194191948888147614e+00	7.885585470095143990e+00	1.000000000000000000e+00
4.190671239738203546e+00	5.083224076573576333e+00	1.000000000000000000e+00
6.267305864327917142e+00	2.676635288496151954e+00	1.000000000000000000e+00
4.891253644560471514e+00	9.886240497499104052e+00	1.000000000000000000e+00
3.150121063803926091e+00	4.884838768527083097e+00	1.000000000000000000e+00
1.858704102729484120e+01	8.933452478821050091e-01	1.000000000000000000e+00
5.239688619591140295e+00	1.088651174454549242e+01	1.000000000000000000e+00
2.812910906840027536e+00	1.229661972638226253e+01	1.000000000000000000e+00
5.923151180390657800e+00	4.479458257271988764e+00	1.000000000000000000e+00
5.588310269951056952e+00	1.188685649242441578e+01	1.000000000000000000e+00
