6.617968930197126731e+00	3.921103160543411015e+00	1.000000000000000000e+00
1.390929794883651427e+00	1.384838830983987856e+00	1.000000000000000000e+00
1.196277734355107469e+01	2.533373293529125547e+00	1.000000000000000000e+00
6.091952609771956517e+00	5.232138097624931206e+00	1.000000000000000000e+00
9.264583270967197137e-01	1.350783407520740198e+01	1.000000000000000000e+00
6.331268907858648376e+00	1.186736907106354266e+00	1.000000000000000000e+00
8.862128523475234942e+00	5.148225129986856885e+00	1.000000000000000000e+00
-1.660410583564231046e-01	1.728539057968381698e+01	1.000000000000000000e+00
1.064221178338152995e+01	7.837540955194643999e-01	1.000000000000000000e+00
9.223184472773809262e+00	3.123697030764333693e+00	1.000000000000000000e+00
3.931808709228287402e+00	7.812085580883922020e+00	1.000000000000000000e+00
5.323638078915190697e+00	2.130750356499246934e+00	1.000000000000000000e+00
1.065123504287353562e+01	3.096882080477816324e+00	1.000000000000000000e+00
2.245029810821542515e+00	2.875121906567825181e-01	1.000000000000000000e+00
1.684792511155989914e+01	4.051662738065414437e+00	1.000000000000000000e+00
5.235051564406014712e+00	4.162409315323652770e+00	1.000000000000000000e+00
4.324915929549287164e+00	5.233868483647775349e+00	1.000000000000000000e+00
4.310388658864148681e+00	3.078529283948541639e+00	1.000000000000000000e+00
7.477509745842398026e+00	5.035085004952833287e+00	1.000000000000000000e+00
2.628570085273574386e-01	1.474823905143075642e+01	1.000000000000000000e+00
1.194405267014639982e+01	3.534841855135453681e+00	1.000000000000000000e+00
8.172377833392877378e+00	6.277530234205585202e+00	1.000000000000000000e+00
2.029817558204158878e+00	1.783649135812129316e+01	1.000000000000000000e+00
6.588480321636102310e+00	2.551487274141930772e+00	1.000000000000000000e+00
9.940215485748773006e+00	4.268036767708467849e+00	1.000000000000000000e+00
1.980903279945982698e+00	8.680343374675597801e+00	1.000000000000000000e+00
4.071032420300763732e+00	1.732664255886390725e+00	1.000000000000000000e+00
1.093197211244790346e+01	4.466910885954407995e+00	1.000000000000000000e+00
1.652088117928797928e+01	1.717250776773756371e+01	1.000000000000000000e+00
9.911528962124270592e+00	1.953029551484139592e+00	1.000000000000000000e+00
6.003333040138275400e+00	6.636578290821227633e+00	1.000000000000000000e+00
2.357811369847314431e+00	6.101517289738223937e+00	1.000000000000000000e+00
3.625244885805602557e+00	4.544787909421325045e-01	1.000000000000000000e+00
7.229420754234809010e+00	5.992060779121604064e+00	1.000000000000000000e+00
4.670325794236975803e+00	6.543332151547486042e+00	1.000000000000000000e+00
1.274584910035690832e+01	1.284950517511392665e+00	1.000000000000000000e+00
7.890496604355198507e+00	7.212546609783893281e+00	1.000000000000000000e+00
2.570293787168139499e+00	1.653894694399773968e+01	1.000000000000000000e+00
1.182517282861643082e+01	1.572462121558817039e+00	1.000000000000000000e+00
1.013306219921702578e+01	5.587753114272574706e+00	1.000000000000000000e+00
2.018085976440135987e+00	4.787558028369274687e+00	1.000000000000000000e+00
9.656733139399600319e+00	1.001483648453233233e+00	1.000000000000000000e+00
1.148807231039631560e+01	5.753448336333076618e+00	1.000000000000000000e+00
3.691303260326720181e+00	6.493226775845151622e+00	1.000000000000000000e+00
7.821344877771771564e+00	3.103195602680049348e+00	1.000000000000000000e+00
4.808789842858162800e+00	7.464990200516368191e+00	1.000000000000000000e+00
1.212444624897442758e+00	1.482526860616220787e+01	1.000000000000000000e+00
1.555593290164494036e+01	3.552806203840380039e+00	1.000000000000000000e+00
6.948458218419744092e+00	6.936103533126825482e+00	1.000000000000000000e+00
1.079963437772269996e+00	3.756456303377138983e+00	1.000000000000000000e+00
1.663424594136484203e+01	2.683039237910444630e+00	1.000000000000000000e+00
8.834193964775337804e+00	7.508559970959622909e+00	1.000000000000000000e+00
7.289878012959994935e-01	1.844364277613698988e+01	1.000000000000000000e+00
5.009048238330557012e+00	7.559778721841514670e-01	1.000000000000000000e+00
9.159629477900473660e+00	6.562802491905087798e+00	1.000000000000000000e+00
3.336678814310992003e+00	8.576745621643555140e+00	1.000000000000000000e+00
1.939159596758425419e+00	2.662004819870862793e+00	1.000000000000000000e+00
1.057187853278639089e+01	6.816196085112126823e+00	1.000000000000000000e+00
2.616558493723953216e+00	7.425919307601295039e+00	1.000000000000000000e+00
3.331206361123498105e+00	2.868980009411199461e+00	1.000000000000000000e+00
5.207851429522563969e+00	8.375391982992123729e+00	1.000000000000000000e+00
3.347837492660672876e+00	4.191159639506006229e+00	1.000000000000000000e+00
8.357045343968430018e+00	5.357139864406631480e-01	1.000000000000000000e+00
5.746025817651067236e+00	7.574500080054327178e+00	1.000000000000000000e+00
2.443224144682352161e+00	3.928709949355987163e+00	1.000000000000000000e+00
7.617968998503861222e+00	1.701652917049382374e+00	1.000000000000000000e+00
7.597247423029192426e+00	8.149526241936587923e+00	1.000000000000000000e+00
1.880248873301544776e+00	1.921274384753268549e+01	1.000000000000000000e+00
5.387475851615702638e+00	3.189144676911811249e+00	1.000000000000000000e+00
8.528733570689039922e+00	8.429284071445019677e+00	1.000000000000000000e+00
2.620131392936519532e+00	1.515281029749709951e+01	1.000000000000000000e+00
1.404238979563115564e+01	1.706843631416041784e+00	1.000000000000000000e+00
9.733148744989986056e+00	7.863659082779586917e+00	1.000000000000000000e+00
1.415126145934032076e+00	1.573322883915390413e+01	1.000000000000000000e+00
1.159535781939023735e+01	5.511595712690613436e-01	1.000000000000000000e+00
5.342910782292290328e+00	9.739598540051325415e+00	1.000000000000000000e+00
7.488548499890752552e-01	1.749148863448851898e+01	1.000000000000000000e+00
2.758204034876551969e+00	1.567819412735844020e+00	1.000000000000000000e+00
6.640173058021893837e+00	7.900086770831828531e+00	1.000000000000000000e+00
4.268533572408616195e+00	4.022950229724053806e+00	1.000000000000000000e+00
1.040340206555671365e+01	-1.771162825831613108e-01	1.000000000000000000e+00
7.702624631664143351e+00	9.513986011236585938e+00	1.000000000000000000e+00
4.802435588363927477e-01	1.607367733156709022e+01	1.000000000000000000e+00
8.572537664625288656e+00	1.908711814315638078e+00	1.000000000000000000e+00
9.927722337123025653e+00	8.798098931824410940e+00	1.000000000000000000e+00
6.376644255558866492e-01	1.982506961618313923e+01	1.000000000000000000e+00
1.294492995103182942e+01	2.582993522598530323e+00	1.000000000000000000e+00
1.110789208049875754e+01	8.086891181539487050e+00	1.000000000000000000e+00
2.808419281287118263e+00	9.818074012591504030e+00	1.000000000000000000e+00
1.324021763757358805e+01	3.954486236969239510e+00	1.000000000000000000e+00
4.082219955986090554e+00	9.206783736998085388e+00	1.000000000000000000e+00
1.225549074230547930e+00	1.668946198423291349e+01	1.000000000000000000e+00
1.085690331692317123e+01	1.733250202742468105e+00	1.000000000000000000e+00
6.585534212268204790e+00	1.028283945840895619e+01	1.000000000000000000e+00
3.337692157794390546e+00	5.135952007458263857e+00	1.000000000000000000e+00
1.426515295229252622e+01	3.053665729155266906e+00	1.000000000000000000e+00
6.443367509936114068e+00	8.880004729138457620e+00	1.000000000000000000e+00
2.041951429628445780e+00	1.436465775248986532e+01	1.000000000000000000e+00
1.534255550794571654e+01	2.183841385152834214e+00	1.000000000000000000e+00
9.066699952526422024e+00	9.209588534560598561e+00	1.000000000000000000e+00
