3.282464421110449226e+00	4.267195434360101736e+00	1.000000000000000000e+00
2.650022277010087191e+00	5.017391612200356121e+00	1.000000000000000000e+00
4.864329015102688558e+00	3.200509211255425424e+00	1.000000000000000000e+00
5.769747576434241410e+00	5.512757684607874076e+00	1.000000000000000000e+00
2.971482756131366365e+00	6.647920529051454253e+00	1.000000000000000000e+00
4.820619006048314503e+00	2.250353686180472490e+00	1.000000000000000000e+00
6.582780215051728057e+00	5.947125188069555257e+00	1.000000000000000000e+00
4.982797986822649072e+00	8.758092869570262451e+00	1.000000000000000000e+00
5.642161270556629304e+00	1.738316830967274518e+00	1.000000000000000000e+00
9.030666913493194059e+00	6.360507572657140507e+00	1.000000000000000000e+00
2.344114231307928176e+00	1.068746279674473065e+01	1.000000000000000000e+00
4.077715379912889127e+00	3.714491081897861591e+00	1.000000000000000000e+00
1.065543447451255510e+01	5.292854323714745846e+00	1.000000000000000000e+00
2.671257474265427145e+00	1.216270934336142595e+01	1.000000000000000000e+00
4.135172377871168869e+00	4.651654482964572068e+00	1.000000000000000000e+00
5.474165336638384005e+00	6.937991109173801796e+00	1.000000000000000000e+00
2.363969622027124906e+00	5.925661855579969384e+00	1.000000000000000000e+00
5.660961312033149007e+00	2.702887486132220296e+00	1.000000000000000000e+00
6.563159125153955387e+00	5.009532364760516998e+00	1.000000000000000000e+00
1.446017083448528195e+00	6.128007583241671163e+00	1.000000000000000000e+00
5.736924409258988611e+00	4.573865416892341607e+00	1.000000000000000000e+00
7.388262880523543963e+00	6.418857495750608599e+00	1.000000000000000000e+00
1.376149016609679032e+00	1.038437706157150231e+01	1.000000000000000000e+00
6.465422444514119071e+00	2.202815476370208359e+00	1.000000000000000000e+00
8.195325356878482737e+00	5.918692906606148441e+00	1.000000000000000000e+00
4.080577919796870567e+00	8.924603949817857540e+00	1.000000000000000000e+00
4.006632517548273320e+00	2.771584004828942849e+00	1.000000000000000000e+00
9.822345579263581428e+00	5.867389502077794639e+00	1.000000000000000000e+00
4.053800256945828018e+00	1.290114952469973630e+01	1.000000000000000000e+00
5.699905007405572377e+00	3.636745870666249658e+00	1.000000000000000000e+00
3.280428423590291853e+00	5.769671477786785019e+00	1.000000000000000000e+00
1.778821256279155216e+00	4.537428527051329041e+00	1.000000000000000000e+00
6.529010779731589942e+00	4.075490464796298618e+00	1.000000000000000000e+00
4.997528525636472985e+00	6.082941598320473098e+00	1.000000000000000000e+00
3.897865980647944983e+00	6.494446251007732762e+00	1.000000000000000000e+00
6.495936410034236275e+00	3.139642078153158877e+00	1.000000000000000000e+00
6.527565199580406485e+00	6.870697529397618020e+00	1.000000000000000000e+00
4.370898512286038873e+00	8.036659334402914467e+00	1.000000000000000000e+00
7.299685266850912235e+00	2.645764527089135232e+00	1.000000000000000000e+00
9.045930290856544431e+00	7.282756087909440623e+00	1.000000000000000000e+00
4.313433798968002719e+00	1.053254904198596442e+01	1.000000000000000000e+00
7.323864384145641893e+00	3.583670243310753456e+00	1.000000000000000000e+00
1.153153769324884870e+01	6.642760044092706373e+00	1.000000000000000000e+00
3.902898621563500647e+00	1.138166151979488028e+01	1.000000000000000000e+00
4.912988032906611124e+00	4.138587812936051158e+00	1.000000000000000000e+00
4.556704614797850716e+00	7.133790553582245231e+00	1.000000000000000000e+00
1.053356657879718217e+00	5.203224295429182966e+00	1.000000000000000000e+00
8.115553391475298639e+00	2.128959539462855322e+00	1.000000000000000000e+00
6.034447133803474195e+00	7.682427744437720030e+00	1.000000000000000000e+00
2.404515554936189403e+00	7.370401737024868005e+00	1.000000000000000000e+00
7.353619535437409205e+00	4.523386697139927470e+00	1.000000000000000000e+00
8.211626126767500367e+00	6.848967660848956029e+00	1.000000000000000000e+00
2.810741955401824477e+00	8.193589556950659158e+00	1.000000000000000000e+00
7.379994483950798490e+00	5.466438782072231994e+00	1.000000000000000000e+00
9.086490717996511535e+00	8.213514784745164832e+00	1.000000000000000000e+00
4.655330954288125156e+00	9.652491229716087418e+00	1.000000000000000000e+00
8.172552110878045895e+00	4.979129716545576123e+00	1.000000000000000000e+00
1.066947344755389615e+01	6.248904006766772490e+00	1.000000000000000000e+00
3.311509875847607365e+00	1.064628961570291565e+01	1.000000000000000000e+00
7.256604258878513569e+00	1.683497854236686520e+00	1.000000000000000000e+00
5.882747603105265455e+00	8.588634469266903437e+00	1.000000000000000000e+00
4.954542302535494436e+00	5.087620944610074858e+00	1.000000000000000000e+00
8.118857360528055622e+00	3.094049489593662994e+00	1.000000000000000000e+00
6.790502907696112089e+00	8.306340828462857928e+00	1.000000000000000000e+00
1.866647443459947375e+00	8.147761598012698059e+00	1.000000000000000000e+00
8.922799670197452571e+00	2.615200626286480645e+00	1.000000000000000000e+00
7.384547262618922581e+00	7.388373496577296251e+00	1.000000000000000000e+00
9.288127721804857462e-01	8.029999804887481218e+00	1.000000000000000000e+00
8.145210643475698120e+00	4.035892828672829502e+00	1.000000000000000000e+00
9.905054959772938261e+00	6.844097381110079148e+00	1.000000000000000000e+00
3.719877578342116298e+00	9.795550318229688358e+00	1.000000000000000000e+00
8.961916954863642815e+00	4.487738246900889294e+00	1.000000000000000000e+00
1.135456728257103087e+01	7.630345047581821305e+00	1.000000000000000000e+00
5.261831918558115717e+00	1.038729566855490027e+01	1.000000000000000000e+00
9.723686422925146289e+00	2.118445134791902440e+00	1.000000000000000000e+00
5.590086617123808388e+00	9.494822588974955124e+00	1.000000000000000000e+00
4.179206297948057980e+00	5.589920764260740249e+00	1.000000000000000000e+00
9.749723005527204833e+00	3.070945052651524065e+00	1.000000000000000000e+00
7.411573720006607857e+00	9.016495378093386748e+00	1.000000000000000000e+00
1.473007844166873914e+00	7.191626483778507328e+00	1.000000000000000000e+00
8.942177558064205556e+00	3.549979664580499517e+00	1.000000000000000000e+00
8.238194144058391899e+00	7.781114585132861805e+00	1.000000000000000000e+00
3.174963104371303579e+00	9.026872410814325676e+00	1.000000000000000000e+00
9.416018356922018384e+00	1.199314686900551985e+00	1.000000000000000000e+00
8.122877980558085298e+00	9.670826853889156638e+00	1.000000000000000000e+00
2.771246757689872275e+00	9.850621469638312533e+00	1.000000000000000000e+00
8.996852913705874144e+00	5.427426601027488751e+00	1.000000000000000000e+00
1.040940749745023020e+01	7.685836026106954044e+00	1.000000000000000000e+00
5.255728499021834921e+00	1.189512850951601131e+01	1.000000000000000000e+00
9.766483845019296339e+00	4.001950002273092721e+00	1.000000000000000000e+00
6.514997558783007570e+00	9.310908023154432556e+00	1.000000000000000000e+00
3.196826265181277549e+00	3.322675947947088204e+00	1.000000000000000000e+00
1.059696137533377325e+01	3.563921655688067958e+00	1.000000000000000000e+00
8.315856060002978722e+00	8.728076948215948150e+00	1.000000000000000000e+00
3.492322635509090833e+00	7.464841068584480155e+00	1.000000000000000000e+00
9.791247628590983965e+00	4.926620424022483569e+00	1.000000000000000000e+00
9.677030586624288944e+00	9.539291367227416885e+00	1.000000000000000000e+00
2.214365524244283012e+00	9.049199390994671077e+00	1.000000000000000000e+00
1.056558206724701598e+01	2.575829370673191399e+00	1.000000000000000000e+00
9.979587703205988092e+00	8.545125045361277927e+00	1.000000000000000000e+00
