7.005272054665905301e+00	3.756019372112909149e+00	1.000000000000000000e+00
4.216085521298165162e+00	7.802349602169925014e+00	1.000000000000000000e+00
1.136684035199559339e+01	2.073259613679760971e+00	1.000000000000000000e+00
8.038879165002384752e+00	4.042607016137933051e+00	1.000000000000000000e+00
3.451452883522052595e+00	8.554714577267459319e+00	1.000000000000000000e+00
1.575163625177515492e+01	4.294401502988942632e+00	1.000000000000000000e+00
1.060171179888637205e+01	2.825176318596963387e+00	1.000000000000000000e+00
5.791358783924833276e+00	1.016373460860562439e+01	1.000000000000000000e+00
3.408336226101755795e+00	4.687875947883299865e+00	1.000000000000000000e+00
9.837246175221551425e+00	3.577140801567871620e+00	1.000000000000000000e+00
5.560372425611258329e+00	1.299274960409979229e+01	1.000000000000000000e+00
1.343581163665732525e+01	2.645572284967774301e+00	1.000000000000000000e+00
1.114003283522722931e+01	4.902223469800939704e+00	1.000000000000000000e+00
4.524470689168140325e+00	1.270746689800529339e+01	1.000000000000000000e+00
9.297838516086081029e+00	1.498278051777863107e+00	1.000000000000000000e+00
5.476236433986450436e+00	5.260302628356836152e+00	1.000000000000000000e+00
4.936298395122934224e+00	3.181967287391943788e+00	1.000000000000000000e+00
4.173563484104765742e+00	3.935420746287930260e+00	1.000000000000000000e+00
7.769986991548329947e+00	3.004186208086224052e+00	1.000000000000000000e+00
1.919992672483832097e+00	1.005857720283848522e+01	1.000000000000000000e+00
1.109819915707711857e+01	1.035066665384510864e+00	1.000000000000000000e+00
9.568438482156462754e+00	2.538635406876937228e+00	1.000000000000000000e+00
5.519383228344224790e+00	9.126733994786050630e+00	1.000000000000000000e+00
6.736726740795058177e+00	2.717095371018419137e+00	1.000000000000000000e+00
9.072450671980767822e+00	4.329045028086740743e+00	1.000000000000000000e+00
5.835814969410938247e+00	1.402837003372441949e+01	1.000000000000000000e+00
3.138632246802747883e+00	3.648049803240917655e+00	1.000000000000000000e+00
1.087100876370762670e+01	3.863680507546836562e+00	1.000000000000000000e+00
1.609483375641706360e+01	1.483854565104139844e+01	1.000000000000000000e+00
1.549918720737075617e+01	3.249675229136896437e+00	1.000000000000000000e+00
6.240845987228770930e+00	4.508039073390692764e+00	1.000000000000000000e+00
2.641378335029265223e+00	5.438152420946323673e+00	1.000000000000000000e+00
6.467590949186560856e+00	1.676277599253470862e+00	1.000000000000000000e+00
7.274315740096334970e+00	4.794456497072520307e+00	1.000000000000000000e+00
2.685468515688165247e+00	9.304991060836321992e+00	1.000000000000000000e+00
5.701824565236816689e+00	2.429509476887175889e+00	1.000000000000000000e+00
8.803690168531669968e+00	3.290839705438700857e+00	1.000000000000000000e+00
2.189808714575123272e+00	1.109904587933015030e+01	1.000000000000000000e+00
7.502568747269767968e+00	1.963353794378571049e+00	1.000000000000000000e+00
8.307809779585838328e+00	5.080937137116301017e+00	1.000000000000000000e+00
4.259273209073784372e+00	1.166868831721432720e+01	1.000000000000000000e+00
5.207483660642141743e+00	4.221791962100966522e+00	1.000000000000000000e+00
1.010598903613403188e+01	4.615417198616385441e+00	1.000000000000000000e+00
4.302840584962104309e+00	1.553188556750207283e+01	1.000000000000000000e+00
5.971612606457339822e+00	3.469313421893393645e+00	1.000000000000000000e+00
6.509759645909701575e+00	5.546432826971788188e+00	1.000000000000000000e+00
3.677511670516473430e+00	5.726446628914129811e+00	1.000000000000000000e+00
8.535009900216852685e+00	2.252142781221966761e+00	1.000000000000000000e+00
6.778816550602162039e+00	6.584691999967772880e+00	1.000000000000000000e+00
2.910682006702419500e+00	6.478308193543415250e+00	1.000000000000000000e+00
1.006477133105930832e+01	7.454418215043758789e-01	1.000000000000000000e+00
7.543293283080768852e+00	5.832835700407588142e+00	1.000000000000000000e+00
6.328859777746195014e+00	1.224387105198198533e+01	1.000000000000000000e+00
1.163472476767051234e+01	3.111936001656320006e+00	1.000000000000000000e+00
9.341337592637220411e+00	5.367308366440186163e+00	1.000000000000000000e+00
6.060170029403396441e+00	1.120333240766228400e+01	1.000000000000000000e+00
1.213451037094267804e+01	1.320480285535243326e+00	1.000000000000000000e+00
1.037508966391570731e+01	5.653880938636462794e+00	1.000000000000000000e+00
4.795693088120219549e+00	1.374690538340586698e+01	1.000000000000000000e+00
1.033261388611160925e+01	1.786739456130069126e+00	1.000000000000000000e+00
4.711409665121457202e+00	6.012446571192072042e+00	1.000000000000000000e+00
3.946228001296648191e+00	6.764643532127299075e+00	1.000000000000000000e+00
6.373378678531538277e+00	1.611033447653736772e+01	1.000000000000000000e+00
5.745188530606365696e+00	6.298531885208894288e+00	1.000000000000000000e+00
4.754825336688309534e+00	9.878929825079806548e+00	1.000000000000000000e+00
1.064434094350925619e+01	6.694560004594775293e+00	1.000000000000000000e+00
7.812807815591685134e+00	6.871390091239130804e+00	1.000000000000000000e+00
3.990016469735251370e+00	1.063083212636864161e+01	1.000000000000000000e+00
6.107294270058880592e+00	1.506798480637112192e+01	1.000000000000000000e+00
8.576773325991899455e+00	6.119483846844209651e+00	1.000000000000000000e+00
5.339522273514039519e+00	1.582087771115762287e+01	1.000000000000000000e+00
1.240098398912175703e+01	2.359315300897484757e+00	1.000000000000000000e+00
1.141134334082050827e+01	5.940521251186658525e+00	1.000000000000000000e+00
4.573955679102030381e+00	1.657345927845141631e+01	1.000000000000000000e+00
1.190645701831704173e+01	4.152699299416434009e+00	1.000000000000000000e+00
4.980482306222163480e+00	7.050388541704118772e+00	1.000000000000000000e+00
4.442651829161908594e+00	4.974243926436648700e+00	1.000000000000000000e+00
1.497146951243272106e+01	5.035715626945469481e+00	1.000000000000000000e+00
6.014182155816723885e+00	7.336966654639685892e+00	1.000000000000000000e+00
3.720743641884221464e+00	9.592986962967367859e+00	1.000000000000000000e+00
1.600261333373077832e+01	5.339736713624236408e+00	1.000000000000000000e+00
7.047929855336106719e+00	7.623284122371368987e+00	1.000000000000000000e+00
3.225064617565108538e+00	1.138563446580910465e+01	1.000000000000000000e+00
1.266697390176090288e+01	3.398008259721664981e+00	1.000000000000000000e+00
8.080960855335424853e+00	7.912878211560059327e+00	1.000000000000000000e+00
5.024728269175144035e+00	1.091640304773304315e+01	1.000000000000000000e+00
1.446836695949043161e+01	2.945922500007492228e+00	1.000000000000000000e+00
9.610504718321537965e+00	6.406155478082363075e+00	1.000000000000000000e+00
5.071166556836050887e+00	1.478255740728701184e+01	1.000000000000000000e+00
1.369407334251924802e+01	3.689257654456713276e+00	1.000000000000000000e+00
4.485398420168923650e+00	8.840682052691429149e+00	1.000000000000000000e+00
3.179756607938571733e+00	7.517605034291443111e+00	1.000000000000000000e+00
1.394048171121293755e+01	4.732606366841793921e+00	1.000000000000000000e+00
5.250114475173763395e+00	8.088488659700121985e+00	1.000000000000000000e+00
2.956022596608931963e+00	1.034515354018120981e+01	1.000000000000000000e+00
1.186119214565963986e+01	2.800567440608071057e-01	1.000000000000000000e+00
6.285684613600982296e+00	8.377120957883681385e+00	1.000000000000000000e+00
5.292901416025148187e+00	1.195485904027202650e+01	1.000000000000000000e+00
1.472151933963055725e+01	3.991471409770057210e+00	1.000000000000000000e+00
8.847514935690091065e+00	7.159782334199331189e+00	1.000000000000000000e+00
